1 0.00075 0.00075 0.00075 0 0 0 
1 0.000750031 0.00075 0.00075 0 0.0813667 0 
1 0.000750122 0.00075 0.00075 0 0.163365 0 
1 0.000750275 0.00075 0.00075 0 0.244851 0 
1 0.00075049 0.00075 0.00075 0 0.326102 0 
1 0.000750765 0.00075 0.00075 0 0.408085 0 
1 0.000751101 0.00075 0.00075 0 0.48903 0 
1 0.000751499 0.00075 0.00075 0 0.570397 0 
1 0.000751957 0.00075 0.00075 0 0.652084 0 
1 0.000752477 0.00075 0.00075 0 0.733148 0 
1 0.000753057 0.00075 0.00075 0 0.813965 0 
1 0.000753698 0.00075 0.00075 0 0.895431 0 
1 0.0007544 0.00075 0.00075 0 0.976164 0 
1 0.000755162 0.00075 0.00075 0 1.05664 0 
1 0.000755985 0.00075 0.00075 0 1.13795 0 
1 0.000756868 0.00075 0.00075 0 1.21762 0 
1 0.000757812 0.00075 0.00075 0 1.29842 0 
1 0.000758815 0.00075 0.00075 0 1.37761 0 
1 0.000759879 0.00075 0.00075 0 1.45862 0 
1 0.000761002 0.00075 0.00075 0 1.53737 0 
1 0.000762186 0.00075 0.00075 0 1.617 0 
1 0.000763428 0.00075 0.00075 0 1.69611 0 
1 0.00076473 0.00075 0.00075 0 1.77677 0 
1 0.000766091 0.00075 0.00075 0 1.85233 0 
1 0.000767511 0.00075 0.00075 0 1.93396 0 
1 0.00076899 0.00075 0.00075 0 2.00905 0 
1 0.000770528 0.00075 0.00075 0 2.08673 0 
1 0.000772126 0.00075 0.00075 0 2.16958 0 
1 0.000773783 0.00075 0.00075 0 2.2459 0 
1 0.000775498 0.00075 0.00075 0 2.3276 0 
1 0.000777273 0.00075 0.00075 0 2.40551 0 
1 0.000779105 0.00075 0.00075 0 2.48297 0 
1 0.000780994 0.00075 0.00075 0 2.55083 0 
1 0.000782939 0.00075 0.00075 0 2.63805 0 
1 0.000784943 0.00075 0.00075 0 2.70568 0 
1 0.000787003 0.00075 0.00075 0 2.78437 0 
1 0.000789121 0.00075 0.00075 0 2.86048 0 
1 0.000791294 0.00075 0.00075 0 2.93643 0 
1 0.000793523 0.00075 0.00075 0 3.00985 0 
1 0.000795807 0.00075 0.00075 0 3.08388 0 
1 0.000798147 0.00075 0.00075 0 3.15422 0 
1 0.000800543 0.00075 0.00075 0 3.22561 0 
1 0.000802992 0.00075 0.00075 0 3.30191 0 
1 0.000805496 0.00075 0.00075 0 3.37257 0 
1 0.000808054 0.00075 0.00075 0 3.44449 0 
1 0.000810666 0.00075 0.00075 0 3.51647 0 
1 0.00081333 0.00075 0.00075 0 3.58844 0 
1 0.000816047 0.00075 0.00075 0 3.65928 0 
1 0.000818817 0.00075 0.00075 0 3.73036 0 
1 0.000821644 0.00075 0.00075 0 3.80788 0 
1 0.000824528 0.00075 0.00075 0 3.88402 0 
1 0.000827469 0.00075 0.00075 0 3.95862 0 
1 0.000830468 0.00075 0.00075 0 4.03664 0 
1 0.000833523 0.00075 0.00075 0 4.1128 0 
1 0.000836636 0.00075 0.00075 0 4.18474 0 
1 0.000839806 0.00075 0.00075 0 4.26626 0 
1 0.000843032 0.00075 0.00075 0 4.33849 0 
1 0.000846314 0.00075 0.00075 0 4.41353 0 
1 0.000849653 0.00075 0.00075 0 4.49288 0 
1 0.000853048 0.00075 0.00075 0 4.55965 0 
1 0.000856499 0.00075 0.00075 0 4.6379 0 
1 0.000860004 0.00075 0.00075 0 4.71046 0 
1 0.000863561 0.00075 0.00075 0 4.77796 0 
1 0.000867171 0.00075 0.00075 0 4.84662 0 
1 0.000870836 0.00075 0.00075 0 4.92642 0 
1 0.000874556 0.00075 0.00075 0 4.99697 0 
1 0.000878331 0.00075 0.00075 0 5.06899 0 
1 0.000882159 0.00075 0.00075 0 5.13912 0 
1 0.00088604 0.00075 0.00075 0 5.21412 0 
1 0.000889975 0.00075 0.00075 0 5.28237 0 
1 0.000893963 0.00075 0.00075 0 5.34712 0 
1 0.000898004 0.00075 0.00075 0 5.42395 0 
1 0.000902098 0.00075 0.00075 0 5.49749 0 
1 0.000906244 0.00075 0.00075 0 5.56913 0 
1 0.000910443 0.00075 0.00075 0 5.63062 0 
1 0.000914694 0.00075 0.00075 0 5.70077 0 
1 0.000918996 0.00075 0.00075 0 5.77093 0 
1 0.00092335 0.00075 0.00075 0 5.84071 0 
1 0.000927756 0.00075 0.00075 0 5.90489 0 
1 0.000932213 0.00075 0.00075 0 5.97843 0 
1 0.00093672 0.00075 0.00075 0 6.03973 0 
1 0.000941279 0.00075 0.00075 0 6.11031 0 
1 0.000945888 0.00075 0.00075 0 6.18225 0 
1 0.000950547 0.00075 0.00075 0 6.24397 0 
1 0.000955257 0.00075 0.00075 0 6.31304 0 
1 0.000960016 0.00075 0.00075 0 6.38008 0 
1 0.000964826 0.00075 0.00075 0 6.4414 0 
1 0.000969685 0.00075 0.00075 0 6.51118 0 
1 0.000974593 0.00075 0.00075 0 6.57734 0 
1 0.000979551 0.00075 0.00075 0 6.64248 0 
1 0.000984558 0.00075 0.00075 0 6.70826 0 
1 0.000989614 0.00075 0.00075 0 6.77506 0 
1 0.000994719 0.00075 0.00075 0 6.8407 0 
1 0.000999873 0.00075 0.00075 0 6.90132 0 
1 0.00100508 0.00075 0.00075 0 6.96967 0 
1 0.00101033 0.00075 0.00075 0 7.03642 0 
1 0.00101563 0.00075 0.00075 0 7.10156 0 
1 0.00102098 0.00075 0.00075 0 7.16708 0 
1 0.00102637 0.00075 0.00075 0 7.2338 0 
1 0.00103182 0.00075 0.00075 0 7.295 0 
1 0.00103731 0.00075 0.00075 0 7.36149 0 
1 0.00104286 0.00075 0.00075 0 7.42533 0 
1 0.00104845 0.00075 0.00075 0 7.49191 0 
1 0.00105409 0.00075 0.00075 0 7.55563 0 
1 0.00105978 0.00075 0.00075 0 7.62118 0 
1 0.00106553 0.00075 0.00075 0 7.68578 0 
1 0.00107132 0.00075 0.00075 0 7.75551 0 
1 0.00107716 0.00075 0.00075 0 7.8226 0 
1 0.00108305 0.00075 0.00075 0 7.88739 0 
1 0.00108899 0.00075 0.00075 0 7.95663 0 
1 0.00109498 0.00075 0.00075 0 8.0253 0 
1 0.00110103 0.00075 0.00075 0 8.09245 0 
1 0.00110713 0.00075 0.00075 0 8.16531 0 
1 0.00111328 0.00075 0.00075 0 8.24623 0 
1 0.00111949 0.00075 0.00075 0 8.31084 0 
1 0.00112575 0.00075 0.00075 0 8.3885 0 
1 0.00113206 0.00075 0.00075 0 8.46179 0 
1 0.00113844 0.00075 0.00075 0 8.53948 0 
1 0.00114487 0.00075 0.00075 0 8.6099 0 
1 0.00115136 0.00075 0.00075 0 8.69344 0 
1 0.00115791 0.00075 0.00075 0 8.77745 0 
1 0.00116452 0.00075 0.00075 0 8.85898 0 
1 0.0011712 0.00075 0.00075 0 8.94604 0 
1 0.00117794 0.00075 0.00075 0 9.0313 0 
1 0.00118475 0.00075 0.00075 0 9.12549 0 
1 0.00119163 0.00075 0.00075 0 9.21241 0 
1 0.00119857 0.00075 0.00075 0 9.31177 0 
1 0.00120559 0.00075 0.00075 0 9.40859 0 
1 0.00121269 0.00075 0.00075 0 9.5136 0 
1 0.00121986 0.00075 0.00075 0 9.61955 0 
1 0.00122712 0.00075 0.00075 0 9.72206 0 
1 0.00123445 0.00075 0.00075 0 9.8203 0 
1 0.00124184 0.00075 0.00075 0 9.91656 0 
1 0.00124932 0.00075 0.00075 0 10.0097 0 
1 0.00125686 0.00075 0.00075 0 10.1021 0 
1 0.00126271 0.00075 0.000750739 0 0.916332 0 
1 0.00126412 0.00075 0.000752789 0 0.916332 0 
1 0.00126563 0.00075 0.00075392 0 0.916332 0 
1 0.00126724 0.00075 0.000754131 0 0.916332 0 
1 0.00126895 0.00075 0.000753422 0 0.916332 0 
1 0.00127076 0.00075 0.000751793 0 0.916332 0 
1 0.00127255 0.00075 0.000750628 0 2.43379 0 
1 0.00127497 0.00075 0.000751434 0 2.10262 0 
1 0.0012941 0.00075 0.000756436 0 25.0176 0 
1 0.00131309 0.00075 0.00076321 0 25.0176 0 
1 0.00133219 0.00075 0.000769064 0 25.0176 0 
1 0.00134697 0.00075 0.000775577 0 12.5997 0 
1 0.00135716 0.00075 0.000779716 0 5.79351 0 
1 0.0013692 0.00075 0.000779074 0 5.79351 0 
1 0.00138135 0.00075 0.000777511 0 5.79351 0 
1 0.00139359 0.00075 0.000775029 0 5.79351 0 
1 0.00140594 0.00075 0.000771627 0 5.79351 0 
1 0.00141839 0.00075 0.000767304 0 5.79351 0 
1 0.00143093 0.00075 0.000762062 0 5.79351 0 
1 0.00144358 0.00075 0.0007559 0 5.79351 0 
1 0.00145585 0.00075 0.000751011 0 16.0376 0 
1 0.00146563 0.00075 0.00075717 0 16.0376 0 
1 0.0014755 0.00075 0.000762409 0 16.0376 0 
1 0.00148547 0.00075 0.000766728 0 16.0376 0 
1 0.00149554 0.00075 0.000770127 0 16.0376 0 
1 0.00150572 0.00075 0.000772606 0 16.0376 0 
1 0.00151599 0.00075 0.000774165 0 16.0376 0 
1 0.00152636 0.00075 0.000774804 0 16.0376 0 
1 0.00153684 0.00075 0.000774523 0 16.0376 0 
1 0.00154741 0.00075 0.000773322 0 16.0376 0 
1 0.00155808 0.00075 0.000771201 0 16.0376 0 
1 0.00156886 0.00075 0.00076816 0 16.0376 0 
1 0.00157973 0.00075 0.000764199 0 16.0376 0 
1 0.00159144 0.00075 0.000756559 0 10.2454 0 
1 0.00160318 0.00075 0.000753733 0 16.2068 0 
1 0.00161903 0.00075 0.000751059 0 7.53817 0 
1 0.00163301 0.00075 0.00075208 0 17.3551 0 
1 0.00164619 0.00075 0.000754331 0 17.3551 0 
1 0.00166202 0.00075 0.000753946 0 22.4243 0 
1 0.00167726 0.00075 0.000757727 0 15.4518 0 
1 0.00169318 0.00075 0.000758493 0 15.4518 0 
1 0.00170921 0.00075 0.000758339 0 15.4518 0 
1 0.00172534 0.00075 0.000757265 0 15.4518 0 
1 0.00174156 0.00075 0.000755271 0 15.4518 0 
1 0.00175789 0.00075 0.000752357 0 15.4518 0 
1 0.00177374 0.00075 0.000751237 0 20.8321 0 
1 0.00178865 0.00075 0.000754145 0 20.8321 0 
1 0.00180366 0.00075 0.000756133 0 20.8321 0 
1 0.00181878 0.00075 0.000757201 0 20.8321 0 
1 0.00183399 0.00075 0.000757349 0 20.8321 0 
1 0.0018493 0.00075 0.000756577 0 20.8321 0 
1 0.00186471 0.00075 0.000754885 0 20.8321 0 
1 0.00188022 0.00075 0.000752273 0 20.8321 0 
1 0.00189583 0.00075 0.00075105 0 20.8383 0 
1 0.0019123 0.00075 0.000752744 0 23.5148 0 
1 0.00192845 0.00075 0.000755247 0 20.5017 0 
1 0.0019449 0.00075 0.00075603 0 20.5017 0 
1 0.00196198 0.00075 0.000753075 0 8.73358 0 
1 0.00197777 0.00075 0.000754167 0 11.8761 0 
1 0.00199427 0.00075 0.000752403 0 11.8761 0 
1 0.00201066 0.00075 0.00075023 0 19.9091 0 
1 0.00202496 0.00075 0.000752499 0 19.9091 0 
1 0.00203935 0.00075 0.000753848 0 19.9091 0 
1 0.00205384 0.00075 0.000754278 0 19.9091 0 
1 0.00206844 0.00075 0.000753787 0 19.9091 0 
1 0.00208313 0.00075 0.000752376 0 19.9091 0 
1 0.00209792 0.00075 0.000750045 0 19.9091 0 
1 0.00211308 0.00075 0.000751294 0 15.4247 0 
1 0.00212856 0.00075 0.000750677 0 20.0984 0 
1 0.00214323 0.00075 0.000752003 0 20.0984 0 
1 0.00215804 0.00075 0.000752259 0 18.3754 0 
1 0.00217321 0.00075 0.000750491 0 18.3754 0 
1 0.00218849 0.00075 0.00075083 0 18.7624 0 
1 0.00220454 0.00075 0.000750379 0 21.2821 0 
1 0.00222016 0.00075 0.000751041 0 21.2821 0 
1 0.00223576 0.00075 0.000751759 0 18.7585 0 
1 0.00225146 0.00075 0.00075394 0 18.7585 0 
1 0.00226727 0.00075 0.000755201 0 18.7585 0 
1 0.00228317 0.00075 0.000755542 0 18.7585 0 
1 0.00229918 0.00075 0.000754963 0 18.7585 0 
1 0.00231528 0.00075 0.000753464 0 18.7585 0 
1 0.00233149 0.00075 0.000751045 0 18.7585 0 
1 0.00234723 0.00075 0.000751705 0 21.6274 0 
1 0.00236277 0.00075 0.000753574 0 21.6274 0 
1 0.00237841 0.00075 0.000754522 0 21.6274 0 
1 0.00239416 0.00075 0.000754551 0 21.6274 0 
1 0.00241 0.00075 0.00075366 0 21.6274 0 
1 0.00242594 0.00075 0.000751849 0 21.6274 0 
1 0.00243857 0.00075 0.000751186 0 17.0336 0 
1 0.00244811 0.00075 0.000751744 0 17.0336 0 
1 0.00245804 0.00075 0.000751012 0 17.1778 0 
1 0.00247144 0.00075 0.000752147 0 16.6563 0 
1 0.0024838 0.00075 0.000751091 0 16.4772 0 
1 0.00249598 0.00075 0.000753234 0 15.3306 0 
1 0.00250615 0.00075 0.000751692 0 15.3306 0 
1 0.00251968 0.00075 0.000751618 0 15.3568 0 
1 0.00253397 0.00075 0.000750389 0 18.5232 0 
1 0.0025473 0.00075 0.000752719 0 18.5232 0 
1 0.00255952 0.00075 0.000752699 0 17.009 0 
1 0.00257095 0.00075 0.000750712 0 17.009 0 
1 0.00258249 0.00075 0.000750533 0 14.6997 0 
1 0.00259459 0.00075 0.000751998 0 14.6997 0 
1 0.00260674 0.00075 0.000752149 0 18.003 0 
1 0.00261868 0.00075 0.000750475 0 18.4148 0 
1 0.0026303 0.00075 0.00075072 0 15.208 0 
1 0.00264309 0.00075 0.000750228 0 16.1637 0 
1 0.0026555 0.00075 0.000750982 0 14.7901 0 
1 0.00266957 0.00075 0.000750936 0 19.5555 0 
1 0.00268152 0.00075 0.00075041 0 16.1224 0 
1 0.00269437 0.00075 0.000750301 0 14.8407 0 
1 0.00270703 0.00075 0.00075051 0 16.9554 0 
1 0.00271964 0.00075 0.000749997 0 16.082 0 
1 0.00273211 0.00075 0.000750024 0 16.4213 0 
1 0.00274424 0.00075 0.000750007 0 15.9613 0 
1 0.00275639 0.00075 0.000750003 0 16.2335 0 
1 0.0027686 0.00075 0.00075 0 16.2919 0 
1 0.0027812 0.00075 0.000750041 0 16.8948 0 
1 0.00279349 0.00075 0.00075 0 16.4838 0 
1 0.00280574 0.00075 0.000750003 0 16.3739 0 
1 0.00281788 0.00075 0.00075 0 16.0422 0 
1 0.00282996 0.00075 0.00075 0 16.2201 0 
1 0.00284214 0.00075 0.00075 0 16.0622 0 
1 0.00285422 0.00075 0.00075 0 16.0872 0 
1 0.00286631 0.00075 0.00075 0 16.1007 0 
1 0.00287841 0.00075 0.00075 0 16.1131 0 
1 0.00289071 0.00075 0.00075 0 16.4589 0 
1 0.00290308 0.00075 0.00075 0 16.5061 0 
1 0.00291563 0.00075 0.000750004 0 17.2971 0 
1 0.00292822 0.00075 0.000750023 0 16.6829 0 
1 0.00294041 0.00075 0.000750029 0 16.0732 0 
1 0.00295249 0.00075 0.000750001 0 16.2032 0 
1 0.00296471 0.00075 0.000750001 0 16.337 0 
1 0.00297698 0.00075 0.00075 0 16.2442 0 
1 0.00298917 0.00075 0.00075 0 16.3059 0 
1 0.0030013 0.00075 0.00075 0 16.2423 0 
1 0.00301362 0.00075 0.000750061 0 16.3107 0 
1 0.00302617 0.00075 0.000750055 0 16.9279 0 
1 0.00303889 0.00075 0.000750087 0 16.6303 0 
1 0.00305168 0.00075 0.000750005 0 16.8829 0 
1 0.00306456 0.00075 0.000750005 0 17.1033 0 
1 0.00307759 0.00075 0.000750009 0 17.5435 0 
1 0.00309091 0.00075 0.00075 0 17.8537 0 
1 0.00310443 0.00075 0.000750035 0 18.2248 0 
1 0.00311817 0.00075 0.00075 0 18.4418 0 
1 0.00313204 0.00075 0.00075 0 18.6225 0 
1 0.00314608 0.00075 0.00075 0 18.8006 0 
1 0.00316022 0.00075 0.000750015 0 18.8306 0 
1 0.0031743 0.00075 0.000750008 0 18.7685 0 
1 0.00318838 0.00075 0.000750004 0 18.6723 0 
1 0.00320253 0.00075 0.000750001 0 18.7204 0 
1 0.0032167 0.00075 0.000750001 0 19.0441 0 
1 0.00323096 0.00075 0.00075 0 19.1202 0 
1 0.00324536 0.00075 0.000750002 0 19.2797 0 
1 0.00325979 0.00075 0.00075 0 19.2387 0 
1 0.00327429 0.00075 0.00075 0 19.3944 0 
1 0.00328888 0.00075 0.00075 0 19.5167 0 
1 0.00330357 0.00075 0.00075 0 19.64 0 
1 0.00331834 0.00075 0.00075 0 19.7621 0 
1 0.00333321 0.00075 0.00075 0 19.8841 0 
1 0.00334817 0.00075 0.00075 0 20.0063 0 
1 0.00336322 0.00075 0.00075 0 20.1289 0 
1 0.00337836 0.00075 0.00075 0 20.2516 0 
1 0.0033936 0.00075 0.00075 0 20.3744 0 
1 0.00340892 0.00075 0.00075 0 20.4972 0 
1 0.00342434 0.00075 0.00075 0 20.6202 0 
1 0.00343992 0.00075 0.000750008 0 19.7332 0 
1 0.00345621 0.00075 0.000750001 0 20.6841 0 
1 0.00347177 0.00075 0.000750001 0 20.5953 0 
1 0.00348712 0.00075 0.00075 0 20.2341 0 
1 0.00350231 0.00075 0.000750004 0 20.1681 0 
1 0.00351757 0.00075 0.000750001 0 20.3537 0 
1 0.00353281 0.00075 0.000750003 0 20.5396 0 
1 0.00354818 0.00075 0.000750001 0 20.5425 0 
1 0.00356361 0.00075 0.000750001 0 20.6408 0 
1 0.00357913 0.00075 0.000750011 0 20.5715 0 
1 0.00359466 0.00075 0.000750005 0 20.6638 0 
1 0.00361023 0.00075 0.000750001 0 20.7884 0 
1 0.00362587 0.00075 0.00075 0 20.8995 0 
1 0.00364154 0.00075 0.00075 0 20.7284 0 
1 0.00365719 0.00075 0.00075 0 20.8918 0 
1 0.00367288 0.00075 0.00075 0 20.9362 0 
1 0.0036886 0.00075 0.00075 0 20.9758 0 
1 0.00370434 0.00075 0.00075 0 21.0139 0 
1 0.00372012 0.00075 0.00075 0 21.0567 0 
1 0.00373601 0.00075 0.000750017 0 21.7891 0 
1 0.00375225 0.00075 0.00075 0 21.0699 0 
1 0.00376851 0.00075 0.000750009 0 21.7823 0 
1 0.00378485 0.00075 0.000750009 0 21.8631 0 
1 0.00380125 0.00075 0.000750001 0 21.8351 0 
1 0.00381769 0.00075 0.00075 0 21.9077 0 
1 0.00383418 0.00075 0.00075 0 21.9282 0 
1 0.00385071 0.00075 0.00075 0 21.9366 0 
1 0.0038672 0.00075 0.000750004 0 22.1267 0 
1 0.00388386 0.00075 0.00075 0 22.3039 0 
1 0.00390062 0.00075 0.000750002 0 22.3445 0 
1 0.00391737 0.00075 0.00075 0 22.3551 0 
1 0.00393416 0.00075 0.00075 0 22.4452 0 
1 0.00395101 0.00075 0.00075 0 22.491 0 
1 0.0039679 0.00075 0.00075 0 22.5575 0 
1 0.00398484 0.00075 0.00075 0 22.6224 0 
1 0.00400194 0.00075 0.00075 0 22.8615 0 
1 0.00401912 0.00075 0.00075 0 22.9708 0 
1 0.00403641 0.00075 0.00075 0 23.0676 0 
1 0.00405371 0.00075 0.00075 0 23.0656 0 
1 0.00407105 0.00075 0.00075 0 23.211 0 
1 0.00408843 0.00075 0.000750001 0 23.2844 0 
1 0.00410596 0.00075 0.000750008 0 23.219 0 
1 0.00412352 0.00075 0.000750006 0 23.4641 0 
1 0.00414096 0.00075 0.00075 0 23.09 0 
1 0.00415838 0.00075 0.00075 0 23.1974 0 
1 0.00417584 0.00075 0.00075 0 23.3364 0 
1 0.00419343 0.00075 0.00075 0 23.5377 0 
1 0.00421115 0.00075 0.00075 0 23.6669 0 
1 0.00422891 0.00075 0.00075 0 23.6752 0 
1 0.00424666 0.00075 0.00075 0 23.6883 0 
1 0.00426445 0.00075 0.00075 0 23.7495 0 
1 0.00428228 0.00075 0.00075 0 23.788 0 
1 0.00430013 0.00075 0.00075 0 23.8225 0 
1 0.00431794 0.00075 0.000750001 0 23.7833 0 
1 0.00433593 0.00075 0.000750004 0 24.1421 0 
1 0.004354 0.00075 0.000750007 0 24.0374 0 
1 0.00437214 0.00075 0.000750001 0 24.2745 0 
1 0.00439029 0.00075 0.00075 0 24.2344 0 
1 0.00440851 0.00075 0.00075 0 24.3467 0 
1 0.00442681 0.00075 0.00075 0 24.4567 0 
1 0.0044452 0.00075 0.00075 0 24.5649 0 
1 0.00446366 0.00075 0.00075 0 24.6722 0 
1 0.00448221 0.00075 0.00075 0 24.7808 0 
1 0.00450083 0.00075 0.00075 0 24.8893 0 
1 0.00451954 0.00075 0.00075 0 24.9671 0 
1 0.00453826 0.00075 0.00075 0 24.9568 0 
1 0.00455703 0.00075 0.00075 0 25.0785 0 
1 0.00457587 0.00075 0.00075 0 25.1502 0 
1 0.00459477 0.00075 0.000750002 0 25.2656 0 
1 0.00461376 0.00075 0.00075 0 25.3812 0 
1 0.00463283 0.00075 0.00075 0 25.473 0 
1 0.00465197 0.00075 0.00075 0 25.5741 0 
1 0.00467119 0.00075 0.00075 0 25.6567 0 
1 0.00469045 0.00075 0.00075 0 25.7333 0 
1 0.0047098 0.00075 0.00075 0 25.8472 0 
1 0.00472922 0.00075 0.00075 0 25.9381 0 
1 0.00474871 0.00075 0.00075 0 26.0292 0 
1 0.00476827 0.00075 0.00075 0 26.1263 0 
1 0.0047879 0.00075 0.00075 0 26.2218 0 
1 0.0048076 0.00075 0.00075 0 26.3174 0 
1 0.00482737 0.00075 0.00075 0 26.4125 0 
1 0.00484722 0.00075 0.00075 0 26.5079 0 
1 0.00486714 0.00075 0.00075 0 26.6035 0 
1 0.00488713 0.00075 0.00075 0 26.6988 0 
1 0.00490718 0.00075 0.00075 0 26.794 0 
1 0.00492732 0.00075 0.00075 0 26.8891 0 
1 0.00494752 0.00075 0.00075 0 26.9843 0 
1 0.00496779 0.00075 0.00075 0 27.0795 0 
1 0.00498814 0.00075 0.00075 0 27.1746 0 
1 0.00500855 0.00075 0.00075 0 27.2699 0 
1 0.00502904 0.00075 0.00075 0 27.3652 0 
1 0.0050496 0.00075 0.00075 0 27.4604 0 
1 0.00507023 0.00075 0.00075 0 27.5557 0 
1 0.00509094 0.00075 0.00075 0 27.651 0 
1 0.00511171 0.00075 0.00075 0 27.7462 0 
1 0.00513255 0.00075 0.00075 0 27.8414 0 
1 0.00515347 0.00075 0.00075 0 27.9366 0 
1 0.00517446 0.00075 0.00075 0 28.0318 0 
1 0.00519552 0.00075 0.00075 0 28.1271 0 
1 0.00521665 0.00075 0.00075 0 28.2223 0 
1 0.00523785 0.00075 0.00075 0 28.3176 0 
1 0.00525913 0.00075 0.00075 0 28.4128 0 
1 0.00528047 0.00075 0.00075 0 28.508 0 
1 0.00530189 0.00075 0.00075 0 28.6033 0 
1 0.00532338 0.00075 0.00075 0 28.6985 0 
1 0.00534494 0.00075 0.00075 0 28.7938 0 
1 0.00536657 0.00075 0.00075 0 28.889 0 
1 0.00538827 0.00075 0.00075 0 28.9842 0 
1 0.00541004 0.00075 0.00075 0 29.0795 0 
1 0.00543189 0.00075 0.00075 0 29.1747 0 
1 0.00545381 0.00075 0.00075 0 29.2699 0 
1 0.00547579 0.00075 0.00075 0 29.3652 0 
1 0.00549785 0.00075 0.00075 0 29.4604 0 
1 0.000519985 0.00075 0.00075 0 29.5556 0 
1 0.000542187 0.00075 0.00075 0 29.6509 0 
1 0.000564461 0.00075 0.00075 0 29.7461 0 
1 0.000586806 0.00075 0.00075 0 29.8413 0 
1 0.000609223 0.00075 0.00075 0 29.9366 0 
1 0.000631711 0.00075 0.00075 0 30.0318 0 
1 0.000654271 0.00075 0.00075 0 30.1271 0 
1 0.000676902 0.00075 0.00075 0 30.2223 0 
1 0.000699604 0.00075 0.00075 0 30.3175 0 
1 0.000722378 0.00075 0.00075 0 30.4128 0 
1 0.000745224 0.00075 0.00075 0 30.508 0 
1 0.00076814 0.00075 0.00075 0 30.6032 0 
1 0.000791128 0.00075 0.00075 0 30.6985 0 
1 0.000814188 0.00075 0.00075 0 30.7937 0 
1 0.000837319 0.00075 0.00075 0 30.8889 0 
1 0.000860521 0.00075 0.00075 0 30.9842 0 
1 0.000883795 0.00075 0.00075 0 31.0794 0 
1 0.00090714 0.00075 0.00075 0 31.1747 0 
1 0.000930557 0.00075 0.00075 0 31.2699 0 
1 0.000954045 0.00075 0.00075 0 31.3651 0 
1 0.000977605 0.00075 0.00075 0 31.4604 0 
1 0.00100124 0.00075 0.00075 0 31.5556 0 
1 0.00102494 0.00075 0.00075 0 31.6508 0 
1 0.00104871 0.00075 0.00075 0 31.7461 0 
1 0.00107256 0.00075 0.00075 0 31.8413 0 
1 0.00109647 0.00075 0.00075 0 31.9365 0 
1 0.00112046 0.00075 0.00075 0 32.0318 0 
1 0.00114452 0.00075 0.00075 0 32.127 0 
1 0.00116865 0.00075 0.00075 0 32.2223 0 
1 0.00119286 0.00075 0.00075 0 32.3175 0 
1 0.00121713 0.00075 0.00075 0 32.4127 0 
1 0.00124147 0.00075 0.00075 0 32.508 0 
1 0.00126589 0.00075 0.00075 0 32.6032 0 
1 0.00129038 0.00075 0.00075 0 32.6984 0 
1 0.00131494 0.00075 0.00075 0 32.7937 0 
1 0.00133957 0.00075 0.00075 0 32.8889 0 
1 0.00136427 0.00075 0.00075 0 32.9841 0 
1 0.00138905 0.00075 0.00075 0 33.0794 0 
1 0.00141389 0.00075 0.00075 0 33.1746 0 
1 0.00143881 0.00075 0.00075 0 33.2699 0 
1 0.0014638 0.00075 0.00075 0 33.3651 0 
1 0.00148886 0.00075 0.00075 0 33.4603 0 
1 0.00151399 0.00075 0.00075 0 33.5556 0 
1 0.00153919 0.00075 0.00075 0 33.6508 0 
1 0.00156446 0.00075 0.00075 0 33.746 0 
1 0.00158981 0.00075 0.00075 0 33.8413 0 
1 0.00161522 0.00075 0.00075 0 33.9365 0 
1 0.00164071 0.00075 0.00075 0 34.0317 0 
1 0.00166627 0.00075 0.00075 0 34.127 0 
1 0.0016919 0.00075 0.00075 0 34.2222 0 
1 0.00171761 0.00075 0.00075 0 34.3174 0 
1 0.00174338 0.00075 0.00075 0 34.4127 0 
1 0.00176922 0.00075 0.00075 0 34.5079 0 
1 0.00179514 0.00075 0.00075 0 34.6032 0 
1 0.00182113 0.00075 0.00075 0 34.6984 0 
1 0.00184719 0.00075 0.00075 0 34.7936 0 
1 0.00187332 0.00075 0.00075 0 34.8889 0 
1 0.00189952 0.00075 0.00075 0 34.9841 0 
1 0.0019258 0.00075 0.00075 0 35.0793 0 
1 0.00195214 0.00075 0.00075 0 35.1746 0 
1 0.00197856 0.00075 0.00075 0 35.2698 0 
1 0.00200505 0.00075 0.00075 0 35.365 0 
1 0.00203161 0.00075 0.00075 0 35.4603 0 
1 0.00205824 0.00075 0.00075 0 35.5555 0 
1 0.00208494 0.00075 0.00075 0 35.6508 0 
1 0.00211171 0.00075 0.00075 0 35.746 0 
1 0.00213856 0.00075 0.00075 0 35.8412 0 
1 0.00216547 0.00075 0.00075 0 35.9365 0 
1 0.00219246 0.00075 0.00075 0 36.0317 0 
1 0.00221952 0.00075 0.00075 0 36.1269 0 
1 0.00224665 0.00075 0.00075 0 36.2222 0 
1 0.00227385 0.00075 0.00075 0 36.3174 0 
1 0.00230113 0.00075 0.00075 0 36.4126 0 
1 0.00232847 0.00075 0.00075 0 36.5079 0 
1 0.00235589 0.00075 0.00075 0 36.6031 0 
1 0.00238338 0.00075 0.00075 0 36.6984 0 
1 0.00241094 0.00075 0.00075 0 36.7936 0 
1 0.00243857 0.00075 0.00075 0 36.8888 0 
1 0.00246627 0.00075 0.00075 0 36.9841 0 
1 0.00249404 0.00075 0.00075 0 37.0793 0 
1 0.00252189 0.00075 0.00075 0 37.1745 0 
1 0.00254981 0.00075 0.00075 0 37.2698 0 
1 0.00257779 0.00075 0.00075 0 37.365 0 
1 0.00260585 0.00075 0.00075 0 37.4602 0 
1 0.00263399 0.00075 0.00075 0 37.5555 0 
1 0.00266219 0.00075 0.00075 0 37.6507 0 
1 0.00269046 0.00075 0.00075 0 37.7459 0 
1 0.00271881 0.00075 0.00075 0 37.8412 0 
1 0.00274722 0.00075 0.00075 0 37.9364 0 
1 0.00277571 0.00075 0.00075 0 38.0317 0 
1 0.00280427 0.00075 0.00075 0 38.1269 0 
1 0.0028329 0.00075 0.00075 0 38.2221 0 
1 0.0028616 0.00075 0.00075 0 38.3174 0 
1 0.00289038 0.00075 0.00075 0 38.4126 0 
1 0.00291922 0.00075 0.00075 0 38.5078 0 
1 0.00294814 0.00075 0.00075 0 38.6031 0 
1 0.00297713 0.00075 0.00075 0 38.6983 0 
1 0.00300619 0.00075 0.00075 0 38.7935 0 
1 0.00303532 0.00075 0.00075 0 38.8888 0 
1 0.00306452 0.00075 0.00075 0 38.984 0 
1 0.00309379 0.00075 0.00075 0 39.0793 0 
1 0.00312314 0.00075 0.00075 0 39.1745 0 
1 0.00315256 0.00075 0.00075 0 39.2697 0 
1 0.00318204 0.00075 0.00075 0 39.365 0 
1 0.0032116 0.00075 0.00075 0 39.4602 0 
1 0.00324123 0.00075 0.00075 0 39.5554 0 
1 0.00327094 0.00075 0.00075 0 39.6507 0 
1 0.00330071 0.00075 0.00075 0 39.7459 0 
1 0.00333055 0.00075 0.00075 0 39.8411 0 
1 0.00336047 0.00075 0.00075 0 39.9364 0 
1 0.00339046 0.00075 0.00075 0 40.0316 0 
1 0.00342052 0.00075 0.00075 0 40.1269 0 
1 0.00345065 0.00075 0.00075 0 40.2221 0 
1 0.00348085 0.00075 0.00075 0 40.3173 0 
1 0.00351113 0.00075 0.00075 0 40.4126 0 
1 0.00354147 0.00075 0.00075 0 40.5078 0 
1 0.00357189 0.00075 0.00075 0 40.603 0 
1 0.00360238 0.00075 0.00075 0 40.6983 0 
1 0.00363293 0.00075 0.00075 0 40.7935 0 
1 0.00366357 0.00075 0.00075 0 40.8887 0 
1 0.00369427 0.00075 0.00075 0 40.984 0 
1 0.00372504 0.00075 0.00075 0 41.0792 0 
1 0.00375589 0.00075 0.00075 0 41.1745 0 
1 0.0037868 0.00075 0.00075 0 41.2697 0 
1 0.00381779 0.00075 0.00075 0 41.3649 0 
1 0.00384885 0.00075 0.00075 0 41.4602 0 
1 0.00387998 0.00075 0.00075 0 41.5554 0 
1 0.00391118 0.00075 0.00075 0 41.6506 0 
1 0.00394246 0.00075 0.00075 0 41.7459 0 
1 0.0039738 0.00075 0.00075 0 41.8411 0 
1 0.00400522 0.00075 0.00075 0 41.9363 0 
1 0.00403671 0.00075 0.00075 0 42.0316 0 
1 0.00406827 0.00075 0.00075 0 42.1268 0 
1 0.0040999 0.00075 0.00075 0 42.222 0 
1 0.0041316 0.00075 0.00075 0 42.3173 0 
1 0.00416337 0.00075 0.00075 0 42.4125 0 
1 0.00419522 0.00075 0.00075 0 42.5078 0 
1 0.00422713 0.00075 0.00075 0 42.603 0 
1 0.00425912 0.00075 0.00075 0 42.6982 0 
1 0.00429118 0.00075 0.00075 0 42.7935 0 
1 0.00432331 0.00075 0.00075 0 42.8887 0 
1 0.00435552 0.00075 0.00075 0 42.9839 0 
1 0.00438779 0.00075 0.00075 0 43.0792 0 
1 0.00442013 0.00075 0.00075 0 43.1744 0 
1 0.00445255 0.00075 0.00075 0 43.2696 0 
1 0.00448504 0.00075 0.00075 0 43.3649 0 
1 0.0045176 0.00075 0.00075 0 43.4601 0 
1 0.00455023 0.00075 0.00075 0 43.5554 0 
1 0.00458293 0.00075 0.00075 0 43.6506 0 
1 0.0046157 0.00075 0.00075 0 43.7458 0 
1 0.00464855 0.00075 0.00075 0 43.8411 0 
1 0.00468147 0.00075 0.00075 0 43.9363 0 
1 0.00471445 0.00075 0.00075 0 44.0315 0 
1 0.00474751 0.00075 0.00075 0 44.1268 0 
1 0.00478064 0.00075 0.00075 0 44.222 0 
1 0.00481385 0.00075 0.00075 0 44.3172 0 
1 0.00484712 0.00075 0.00075 0 44.4125 0 
1 0.00488046 0.00075 0.00075 0 44.5077 0 
1 0.00491388 0.00075 0.00075 0 44.603 0 
1 0.00494737 0.00075 0.00075 0 44.6982 0 
1 0.00498093 0.00075 0.00075 0 44.7934 0 
1 0.00501456 0.00075 0.00075 0 44.8887 0 
1 4.82617e-05 0.00075 0.00075 0 44.9839 0 
1 8.20353e-05 0.00075 0.00075 0 45.0791 0 
1 0.00011588 0.00075 0.00075 0 45.1744 0 
1 0.000149797 0.00075 0.00075 0 45.2696 0 
1 0.000183785 0.00075 0.00075 0 45.3648 0 
1 0.000217844 0.00075 0.00075 0 45.4601 0 
1 0.000251975 0.00075 0.00075 0 45.5553 0 
1 0.000286177 0.00075 0.00075 0 45.6506 0 
1 0.000320451 0.00075 0.00075 0 45.7458 0 
1 0.000354796 0.00075 0.00075 0 45.841 0 
1 0.000389212 0.00075 0.00075 0 45.9363 0 
1 0.0004237 0.00075 0.00075 0 46.0315 0 
1 0.00045826 0.00075 0.00075 0 46.1267 0 
1 0.00049289 0.00075 0.00075 0 46.222 0 
1 0.000527592 0.00075 0.00075 0 46.3172 0 
1 0.000562366 0.00075 0.00075 0 46.4124 0 
1 0.000597211 0.00075 0.00075 0 46.5077 0 
1 0.000632128 0.00075 0.00075 0 46.6029 0 
1 0.000667116 0.00075 0.00075 0 46.6981 0 
1 0.000702175 0.00075 0.00075 0 46.7934 0 
1 0.000737306 0.00075 0.00075 0 46.8886 0 
1 0.000772508 0.00075 0.00075 0 46.9839 0 
1 0.000807781 0.00075 0.00075 0 47.0791 0 
1 0.000843126 0.00075 0.00075 0 47.1743 0 
1 0.000878543 0.00075 0.00075 0 47.2696 0 
1 0.000914031 0.00075 0.00075 0 47.3648 0 
1 0.00094959 0.00075 0.00075 0 47.46 0 
1 0.000985221 0.00075 0.00075 0 47.5553 0 
1 0.00102092 0.00075 0.00075 0 47.6505 0 
1 0.0010567 0.00075 0.00075 0 47.7457 0 
1 0.00109254 0.00075 0.00075 0 47.841 0 
1 0.00112846 0.00075 0.00075 0 47.9362 0 
1 0.00116445 0.00075 0.00075 0 48.0315 0 
1 0.00120051 0.00075 0.00075 0 48.1267 0 
1 0.00123664 0.00075 0.00075 0 48.2219 0 
1 0.00127284 0.00075 0.00075 0 48.3172 0 
1 0.00130911 0.00075 0.00075 0 48.4124 0 
1 0.00134546 0.00075 0.00075 0 48.5076 0 
1 0.00138187 0.00075 0.00075 0 48.6029 0 
1 0.00141836 0.00075 0.00075 0 48.6981 0 
1 0.00145492 0.00075 0.00075 0 48.7933 0 
1 0.00149155 0.00075 0.00075 0 48.8886 0 
1 0.00152825 0.00075 0.00075 0 48.9838 0 
1 0.00156503 0.00075 0.00075 0 49.0791 0 
1 0.00160187 0.00075 0.00075 0 49.1743 0 
1 0.00163879 0.00075 0.00075 0 49.2695 0 
1 0.00167578 0.00075 0.00075 0 49.3648 0 
1 0.00171284 0.00075 0.00075 0 49.46 0 
1 0.00174997 0.00075 0.00075 0 49.5552 0 
1 0.00178717 0.00075 0.00075 0 49.6505 0 
1 0.00182444 0.00075 0.00075 0 49.7457 0 
1 0.00186179 0.00075 0.00075 0 49.8409 0 
1 0.0018992 0.00075 0.00075 0 49.9362 0 
1 0.00193669 0.00075 0.00075 0 50.0314 0 
1 0.00197425 0.00075 0.00075 0 50.1267 0 
1 0.00201188 0.00075 0.00075 0 50.2219 0 
1 0.00204958 0.00075 0.00075 0 50.3171 0 
1 0.00208736 0.00075 0.00075 0 50.4124 0 
1 0.0021252 0.00075 0.00075 0 50.5076 0 
1 0.00216312 0.00075 0.00075 0 50.6028 0 
1 0.00220111 0.00075 0.00075 0 50.6981 0 
1 0.00223917 0.00075 0.00075 0 50.7933 0 
1 0.0022773 0.00075 0.00075 0 50.8885 0 
1 0.0023155 0.00075 0.00075 0 50.9838 0 
1 0.00235377 0.00075 0.00075 0 51.079 0 
1 0.00239212 0.00075 0.00075 0 51.1742 0 
1 0.00243053 0.00075 0.00075 0 51.2695 0 
1 0.00246902 0.00075 0.00075 0 51.3647 0 
1 0.00250758 0.00075 0.00075 0 51.46 0 
1 0.00254621 0.00075 0.00075 0 51.5552 0 
1 0.00258491 0.00075 0.00075 0 51.6504 0 
1 0.00262369 0.00075 0.00075 0 51.7457 0 
1 0.00266253 0.00075 0.00075 0 51.8409 0 
1 0.00270145 0.00075 0.00075 0 51.9361 0 
1 0.00274044 0.00075 0.00075 0 52.0314 0 
1 0.00277949 0.00075 0.00075 0 52.1266 0 
1 0.00281863 0.00075 0.00075 0 52.2218 0 
1 0.00285783 0.00075 0.00075 0 52.3171 0 
1 0.0028971 0.00075 0.00075 0 52.4123 0 
1 0.00293645 0.00075 0.00075 0 52.5076 0 
1 0.00297586 0.00075 0.00075 0 52.6028 0 
1 0.00301535 0.00075 0.00075 0 52.698 0 
1 0.00305491 0.00075 0.00075 0 52.7933 0 
1 0.00309454 0.00075 0.00075 0 52.8885 0 
1 0.00313424 0.00075 0.00075 0 52.9837 0 
1 0.00317402 0.00075 0.00075 0 53.079 0 
1 0.00321386 0.00075 0.00075 0 53.1742 0 
1 0.00325378 0.00075 0.00075 0 53.2694 0 
1 0.00329376 0.00075 0.00075 0 53.3647 0 
1 0.00333382 0.00075 0.00075 0 53.4599 0 
1 0.00337395 0.00075 0.00075 0 53.5552 0 
1 0.00341416 0.00075 0.00075 0 53.6504 0 
1 0.00345443 0.00075 0.00075 0 53.7456 0 
1 0.00349478 0.00075 0.00075 0 53.8409 0 
1 0.00353519 0.00075 0.00075 0 53.9361 0 
1 0.00357568 0.00075 0.00075 0 54.0313 0 
1 0.00361624 0.00075 0.00075 0 54.1266 0 
1 0.00365687 0.00075 0.00075 0 54.2218 0 
1 0.00369757 0.00075 0.00075 0 54.317 0 
1 0.00373834 0.00075 0.00075 0 54.4123 0 
1 0.00377919 0.00075 0.00075 0 54.5075 0 
1 0.00382011 0.00075 0.00075 0 54.6027 0 
1 0.00386109 0.00075 0.00075 0 54.698 0 
1 0.00390215 0.00075 0.00075 0 54.7932 0 
1 0.00394328 0.00075 0.00075 0 54.8885 0 
1 0.00398449 0.00075 0.00075 0 54.9837 0 
1 0.00402576 0.00075 0.00075 0 55.0789 0 
1 0.0040671 0.00075 0.00075 0 55.1742 0 
1 0.00410852 0.00075 0.00075 0 55.2694 0 
1 0.00415001 0.00075 0.00075 0 55.3646 0 
1 0.00419157 0.00075 0.00075 0 55.4599 0 
1 0.0042332 0.00075 0.00075 0 55.5551 0 
1 0.0042749 0.00075 0.00075 0 55.6503 0 
1 0.00431667 0.00075 0.00075 0 55.7456 0 
1 0.00435852 0.00075 0.00075 0 55.8408 0 
1 0.00440043 0.00075 0.00075 0 55.9361 0 
1 0.00444242 0.00075 0.00075 0 56.0313 0 
1 0.00448448 0.00075 0.00075 0 56.1265 0 
1 0.00452661 0.00075 0.00075 0 56.2218 0 
1 0.00456881 0.00075 0.00075 0 56.317 0 
1 0.00461109 0.00075 0.00075 0 56.4122 0 
1 0.00465343 0.00075 0.00075 0 56.5075 0 
1 0.00469585 0.00075 0.00075 0 56.6027 0 
1 0.00473834 0.00075 0.00075 0 56.6979 0 
1 0.0047809 0.00075 0.00075 0 56.7932 0 
1 0.00482353 0.00075 0.00075 0 56.8884 0 
1 0.00486623 0.00075 0.00075 0 56.9837 0 
1 0.004909 0.00075 0.00075 0 57.0789 0 
1 0.00495185 0.00075 0.00075 0 57.1741 0 
1 0.00499476 0.00075 0.00075 0 57.2694 0 
1 0.00503775 0.00075 0.00075 0 57.3646 0 
1 0.00508081 0.00075 0.00075 0 57.4598 0 
1 0.00512394 0.00075 0.00075 0 57.5551 0 
1 0.00516714 0.00075 0.00075 0 57.6503 0 
1 0.00521042 0.00075 0.00075 0 57.7455 0 
1 0.00525376 0.00075 0.00075 0 57.8408 0 
1 0.00529718 0.00075 0.00075 0 57.936 0 
1 0.00534066 0.00075 0.00075 0 58.0313 0 
1 0.00538422 0.00075 0.00075 0 58.1265 0 
1 0.00542785 0.00075 0.00075 0 58.2217 0 
1 0.00547156 0.00075 0.00075 0 58.317 0 
1 0.00551533 0.00075 0.00075 0 58.4122 0 
1 0.00555917 0.00075 0.00075 0 58.5074 0 
1 0.00560309 0.00075 0.00075 0 58.6027 0 
1 0.00564708 0.00075 0.00075 0 58.6979 0 
1 0.00569114 0.00075 0.00075 0 58.7931 0 
1 0.00573527 0.00075 0.00075 0 58.8884 0 
1 0.00577947 0.00075 0.00075 0 58.9836 0 
1 0.00582374 0.00075 0.00075 0 59.0788 0 
1 0.00586809 0.00075 0.00075 0 59.1741 0 
1 0.00591251 0.00075 0.00075 0 59.2693 0 
1 0.00595699 0.00075 0.00075 0 59.3646 0 
1 0.00600155 0.00075 0.00075 0 59.4598 0 
1 0.00104618 0.00075 0.00075 0 59.555 0 
1 0.00109088 0.00075 0.00075 0 59.6503 0 
1 0.00113566 0.00075 0.00075 0 59.7455 0 
1 0.0011805 0.00075 0.00075 0 59.8407 0 
1 0.00122542 0.00075 0.00075 0 59.936 0 
1 0.00127041 0.00075 0.00075 0 60.0312 0 
1 0.00131547 0.00075 0.00075 0 60.1264 0 
1 0.0013606 0.00075 0.00075 0 60.2217 0 
1 0.0014058 0.00075 0.00075 0 60.3169 0 
1 0.00145107 0.00075 0.00075 0 60.4122 0 
1 0.00149642 0.00075 0.00075 0 60.5074 0 
1 0.00154183 0.00075 0.00075 0 60.6026 0 
1 0.00158732 0.00075 0.00075 0 60.6979 0 
1 0.00163288 0.00075 0.00075 0 60.7931 0 
1 0.00167851 0.00075 0.00075 0 60.8883 0 
1 0.00172421 0.00075 0.00075 0 60.9836 0 
1 0.00176999 0.00075 0.00075 0 61.0788 0 
1 0.00181583 0.00075 0.00075 0 61.174 0 
1 0.00186175 0.00075 0.00075 0 61.2693 0 
1 0.00190773 0.00075 0.00075 0 61.3645 0 
1 0.00195379 0.00075 0.00075 0 61.4598 0 
1 0.00199992 0.00075 0.00075 0 61.555 0 
1 0.00204613 0.00075 0.00075 0 61.6502 0 
1 0.0020924 0.00075 0.00075 0 61.7455 0 
1 0.00213874 0.00075 0.00075 0 61.8407 0 
1 0.00218516 0.00075 0.00075 0 61.9359 0 
1 0.00223165 0.00075 0.00075 0 62.0312 0 
1 0.00227821 0.00075 0.00075 0 62.1264 0 
1 0.00232484 0.00075 0.00075 0 62.2216 0 
1 0.00237154 0.00075 0.00075 0 62.3169 0 
1 0.00241831 0.00075 0.00075 0 62.4121 0 
1 0.00246516 0.00075 0.00075 0 62.5074 0 
1 0.00251207 0.00075 0.00075 0 62.6026 0 
1 0.00255906 0.00075 0.00075 0 62.6978 0 
1 0.00260612 0.00075 0.00075 0 62.7931 0 
1 0.00265325 0.00075 0.00075 0 62.8883 0 
1 0.00270045 0.00075 0.00075 0 62.9835 0 
1 0.00274773 0.00075 0.00075 0 63.0788 0 
1 0.00279507 0.00075 0.00075 0 63.174 0 
1 0.00284249 0.00075 0.00075 0 63.2692 0 
1 0.00288998 0.00075 0.00075 0 63.3645 0 
1 0.00293753 0.00075 0.00075 0 63.4597 0 
1 0.00298516 0.00075 0.00075 0 63.5549 0 
1 0.00303287 0.00075 0.00075 0 63.6502 0 
1 0.00308064 0.00075 0.00075 0 63.7454 0 
1 0.00312848 0.00075 0.00075 0 63.8407 0 
1 0.0031764 0.00075 0.00075 0 63.9359 0 
1 0.00322439 0.00075 0.00075 0 64.0311 0 
1 0.00327245 0.00075 0.00075 0 64.1264 0 
1 0.00332058 0.00075 0.00075 0 64.2216 0 
1 0.00336878 0.00075 0.00075 0 64.3168 0 
1 0.00341705 0.00075 0.00075 0 64.4121 0 
1 0.0034654 0.00075 0.00075 0 64.5073 0 
1 0.00351381 0.00075 0.00075 0 64.6025 0 
1 0.0035623 0.00075 0.00075 0 64.6978 0 
1 0.00361086 0.00075 0.00075 0 64.793 0 
1 0.00365949 0.00075 0.00075 0 64.8883 0 
1 0.00370819 0.00075 0.00075 0 64.9835 0 
1 0.00375697 0.00075 0.00075 0 65.0787 0 
1 0.00380581 0.00075 0.00075 0 65.174 0 
1 0.00385473 0.00075 0.00075 0 65.2692 0 
1 0.00390372 0.00075 0.00075 0 65.3644 0 
1 0.00395277 0.00075 0.00075 0 65.4597 0 
1 0.0040019 0.00075 0.00075 0 65.5549 0 
1 0.00405111 0.00075 0.00075 0 65.6501 0 
1 0.00410038 0.00075 0.00075 0 65.7454 0 
1 0.00414972 0.00075 0.00075 0 65.8406 0 
1 0.00419914 0.00075 0.00075 0 65.9359 0 
1 0.00424863 0.00075 0.00075 0 66.0311 0 
1 0.00429819 0.00075 0.00075 0 66.1263 0 
1 0.00434782 0.00075 0.00075 0 66.2216 0 
1 0.00439752 0.00075 0.00075 0 66.3168 0 
1 0.00444729 0.00075 0.00075 0 66.412 0 
1 0.00449714 0.00075 0.00075 0 66.5073 0 
1 0.00454705 0.00075 0.00075 0 66.6025 0 
1 0.00459704 0.00075 0.00075 0 66.6977 0 
1 0.0046471 0.00075 0.00075 0 66.793 0 
1 0.00469723 0.00075 0.00075 0 66.8882 0 
1 0.00474743 0.00075 0.00075 0 66.9835 0 
1 0.00479771 0.00075 0.00075 0 67.0787 0 
1 0.00484805 0.00075 0.00075 0 67.1739 0 
1 0.00489847 0.00075 0.00075 0 67.2692 0 
1 0.00494895 0.00075 0.00075 0 67.3644 0 
1 0.00499951 0.00075 0.00075 0 67.4596 0 
1 0.00505014 0.00075 0.00075 0 67.5549 0 
1 0.00510085 0.00075 0.00075 0 67.6501 0 
1 0.00515162 0.00075 0.00075 0 67.7453 0 
1 0.00520246 0.00075 0.00075 0 67.8406 0 
1 0.00525338 0.00075 0.00075 0 67.9358 0 
1 0.00530437 0.00075 0.00075 0 68.031 0 
1 0.00535543 0.00075 0.00075 0 68.1263 0 
1 0.00540656 0.00075 0.00075 0 68.2215 0 
1 0.00545776 0.00075 0.00075 0 68.3168 0 
1 0.00550903 0.00075 0.00075 0 68.412 0 
1 0.000560377 0.00075 0.00075 0 68.5072 0 
1 0.000611793 0.00075 0.00075 0 68.6025 0 
1 0.000663281 0.00075 0.00075 0 68.6977 0 
1 0.00071484 0.00075 0.00075 0 68.7929 0 
1 0.00076647 0.00075 0.00075 0 68.8882 0 
1 0.000818172 0.00075 0.00075 0 68.9834 0 
1 0.000869945 0.00075 0.00075 0 69.0786 0 
1 0.00092179 0.00075 0.00075 0 69.1739 0 
1 0.000973706 0.00075 0.00075 0 69.2691 0 
1 0.00102569 0.00075 0.00075 0 69.3644 0 
1 0.00107775 0.00075 0.00075 0 69.4596 0 
1 0.00112988 0.00075 0.00075 0 69.5548 0 
1 0.00118208 0.00075 0.00075 0 69.6501 0 
1 0.00123436 0.00075 0.00075 0 69.7453 0 
1 0.0012867 0.00075 0.00075 0 69.8405 0 
1 0.00133912 0.00075 0.00075 0 69.9358 0 
1 0.00139161 0.00075 0.00075 0 70.031 0 
1 0.00144417 0.00075 0.00075 0 70.1262 0 
1 0.0014968 0.00075 0.00075 0 70.2215 0 
1 0.0015495 0.00075 0.00075 0 70.3167 0 
1 0.00160227 0.00075 0.00075 0 70.412 0 
1 0.00165512 0.00075 0.00075 0 70.5072 0 
1 0.00170803 0.00075 0.00075 0 70.6024 0 
1 0.00176102 0.00075 0.00075 0 70.6977 0 
1 0.00181408 0.00075 0.00075 0 70.7929 0 
1 0.00186721 0.00075 0.00075 0 70.8881 0 
1 0.00192041 0.00075 0.00075 0 70.9834 0 
1 0.00197368 0.00075 0.00075 0 71.0786 0 
1 0.00202703 0.00075 0.00075 0 71.1738 0 
1 0.00208044 0.00075 0.00075 0 71.2691 0 
1 0.00213393 0.00075 0.00075 0 71.3643 0 
1 0.00218749 0.00075 0.00075 0 71.4595 0 
1 0.00224112 0.00075 0.00075 0 71.5548 0 
1 0.00229482 0.00075 0.00075 0 71.65 0 
1 0.0023486 0.00075 0.00075 0 71.7453 0 
1 0.00240244 0.00075 0.00075 0 71.8405 0 
1 0.00245636 0.00075 0.00075 0 71.9357 0 
1 0.00251034 0.00075 0.00075 0 72.031 0 
1 0.0025644 0.00075 0.00075 0 72.1262 0 
1 0.00261853 0.00075 0.00075 0 72.2214 0 
1 0.00267274 0.00075 0.00075 0 72.3167 0 
1 0.00272701 0.00075 0.00075 0 72.4119 0 
1 0.00278135 0.00075 0.00075 0 72.5071 0 
1 0.00283577 0.00075 0.00075 0 72.6024 0 
1 0.00289026 0.00075 0.00075 0 72.6976 0 
1 0.00294482 0.00075 0.00075 0 72.7929 0 
1 0.00299945 0.00075 0.00075 0 72.8881 0 
1 0.00305415 0.00075 0.00075 0 72.9833 0 
1 0.00310892 0.00075 0.00075 0 73.0786 0 
1 0.00316377 0.00075 0.00075 0 73.1738 0 
1 0.00321868 0.00075 0.00075 0 73.269 0 
1 0.00327367 0.00075 0.00075 0 73.3643 0 
1 0.00332873 0.00075 0.00075 0 73.4595 0 
1 0.00338386 0.00075 0.00075 0 73.5547 0 
1 0.00343906 0.00075 0.00075 0 73.65 0 
1 0.00349433 0.00075 0.00075 0 73.7452 0 
1 0.00354968 0.00075 0.00075 0 73.8405 0 
1 0.00360509 0.00075 0.00075 0 73.9357 0 
1 0.00366058 0.00075 0.00075 0 74.0309 0 
1 0.00371614 0.00075 0.00075 0 74.1262 0 
1 0.00377177 0.00075 0.00075 0 74.2214 0 
1 0.00382747 0.00075 0.00075 0 74.3166 0 
1 0.00388325 0.00075 0.00075 0 74.4119 0 
1 0.00393909 0.00075 0.00075 0 74.5071 0 
1 0.00399501 0.00075 0.00075 0 74.6023 0 
1 0.00405099 0.00075 0.00075 0 74.6976 0 
1 0.00410705 0.00075 0.00075 0 74.7928 0 
1 0.00416318 0.00075 0.00075 0 74.8881 0 
1 0.00421939 0.00075 0.00075 0 74.9833 0 
1 0.00427566 0.00075 0.00075 0 75.0785 0 
1 0.004332 0.00075 0.00075 0 75.1738 0 
1 0.00438842 0.00075 0.00075 0 75.269 0 
1 0.00444491 0.00075 0.00075 0 75.3642 0 
1 0.00450147 0.00075 0.00075 0 75.4595 0 
1 0.0045581 0.00075 0.00075 0 75.5547 0 
1 0.0046148 0.00075 0.00075 0 75.6499 0 
1 0.00467157 0.00075 0.00075 0 75.7452 0 
1 0.00472842 0.00075 0.00075 0 75.8404 0 
1 0.00478533 0.00075 0.00075 0 75.9356 0 
1 0.00484232 0.00075 0.00075 0 76.0309 0 
1 0.00489938 0.00075 0.00075 0 76.1261 0 
1 0.00495651 0.00075 0.00075 0 76.2214 0 
1 0.00501371 0.00075 0.00075 0 76.3166 0 
1 7.09828e-05 0.00075 0.00075 0 76.4118 0 
1 0.000128327 0.00075 0.00075 0 76.5071 0 
1 0.000185743 0.00075 0.00075 0 76.6023 0 
1 0.000243231 0.00075 0.00075 0 76.6975 0 
1 0.00030079 0.00075 0.00075 0 76.7928 0 
1 0.00035842 0.00075 0.00075 0 76.888 0 
1 0.000416122 0.00075 0.00075 0 76.9832 0 
1 0.000473895 0.00075 0.00075 0 77.0785 0 
1 0.000531739 0.00075 0.00075 0 77.1737 0 
1 0.000589655 0.00075 0.00075 0 77.269 0 
1 0.000647643 0.00075 0.00075 0 77.3642 0 
1 0.000705702 0.00075 0.00075 0 77.4594 0 
1 0.000763832 0.00075 0.00075 0 77.5547 0 
1 0.000822034 0.00075 0.00075 0 77.6499 0 
1 0.000880307 0.00075 0.00075 0 77.7451 0 
1 0.000938651 0.00075 0.00075 0 77.8404 0 
1 0.000997067 0.00075 0.00075 0 77.9356 0 
1 0.00105555 0.00075 0.00075 0 78.0308 0 
1 0.00111411 0.00075 0.00075 0 78.1261 0 
1 0.00117274 0.00075 0.00075 0 78.2213 0 
1 0.00123145 0.00075 0.00075 0 78.3166 0 
1 0.00129022 0.00075 0.00075 0 78.4118 0 
1 0.00134906 0.00075 0.00075 0 78.507 0 
1 0.00140798 0.00075 0.00075 0 78.6023 0 
1 0.00146697 0.00075 0.00075 0 78.6975 0 
1 0.00152603 0.00075 0.00075 0 78.7927 0 
1 0.00158516 0.00075 0.00075 0 78.888 0 
1 0.00164436 0.00075 0.00075 0 78.9832 0 
1 0.00170363 0.00075 0.00075 0 79.0784 0 
1 0.00176298 0.00075 0.00075 0 79.1737 0 
1 0.00182239 0.00075 0.00075 0 79.2689 0 
1 0.00188188 0.00075 0.00075 0 79.3642 0 
1 0.00194144 0.00075 0.00075 0 79.4594 0 
1 0.00200107 0.00075 0.00075 0 79.5546 0 
1 0.00206077 0.00075 0.00075 0 79.6499 0 
1 0.00212054 0.00075 0.00075 0 79.7451 0 
1 0.00218039 0.00075 0.00075 0 79.8403 0 
1 0.0022403 0.00075 0.00075 0 79.9356 0 
1 0.00230029 0.00075 0.00075 0 80.0308 0 
1 0.00236035 0.00075 0.00075 0 80.126 0 
1 0.00242048 0.00075 0.00075 0 80.2213 0 
1 0.00248068 0.00075 0.00075 0 80.3165 0 
1 0.00254095 0.00075 0.00075 0 80.4117 0 
1 0.0026013 0.00075 0.00075 0 80.507 0 
1 0.00266171 0.00075 0.00075 0 80.6022 0 
1 0.0027222 0.00075 0.00075 0 80.6975 0 
1 0.00278276 0.00075 0.00075 0 80.7927 0 
1 0.00284339 0.00075 0.00075 0 80.8879 0 
1 0.00290409 0.00075 0.00075 0 80.9832 0 
1 0.00296487 0.00075 0.00075 0 81.0784 0 
1 0.00302571 0.00075 0.00075 0 81.1736 0 
1 0.00308663 0.00075 0.00075 0 81.2689 0 
1 0.00314761 0.00075 0.00075 0 81.3641 0 
1 0.00320867 0.00075 0.00075 0 81.4593 0 
1 0.0032698 0.00075 0.00075 0 81.5546 0 
1 0.003331 0.00075 0.00075 0 81.6498 0 
1 0.00339228 0.00075 0.00075 0 81.7451 0 
1 0.00345362 0.00075 0.00075 0 81.8403 0 
1 0.00351504 0.00075 0.00075 0 81.9355 0 
1 0.00357653 0.00075 0.00075 0 82.0308 0 
1 0.00363808 0.00075 0.00075 0 82.126 0 
1 0.00369971 0.00075 0.00075 0 82.2212 0 
1 0.00376142 0.00075 0.00075 0 82.3165 0 
1 0.00382319 0.00075 0.00075 0 82.4117 0 
1 0.00388503 0.00075 0.00075 0 82.5069 0 
1 0.00394695 0.00075 0.00075 0 82.6022 0 
1 0.00400894 0.00075 0.00075 0 82.6974 0 
1 0.004071 0.00075 0.00075 0 82.7927 0 
1 0.00413313 0.00075 0.00075 0 82.8879 0 
1 0.00419533 0.00075 0.00075 0 82.9831 0 
1 0.0042576 0.00075 0.00075 0 83.0784 0 
1 0.00431994 0.00075 0.00075 0 83.1736 0 
1 0.00438236 0.00075 0.00075 0 83.2688 0 
1 0.00444485 0.00075 0.00075 0 83.3641 0 
1 0.00450741 0.00075 0.00075 0 83.4593 0 
1 0.00457004 0.00075 0.00075 0 83.5545 0 
1 0.00463274 0.00075 0.00075 0 83.6498 0 
1 0.00469551 0.00075 0.00075 0 83.745 0 
1 0.00475836 0.00075 0.00075 0 83.8403 0 
1 0.00482127 0.00075 0.00075 0 83.9355 0 
1 0.00488426 0.00075 0.00075 0 84.0307 0 
1 0.00494732 0.00075 0.00075 0 84.126 0 
1 0.00501045 0.00075 0.00075 0 84.2212 0 
1 0.00507365 0.00075 0.00075 0 84.3164 0 
1 0.00513692 0.00075 0.00075 0 84.4117 0 
1 0.00520027 0.00075 0.00075 0 84.5069 0 
1 0.00526368 0.00075 0.00075 0 84.6021 0 
1 0.00532717 0.00075 0.00075 0 84.6974 0 
1 0.00539073 0.00075 0.00075 0 84.7926 0 
1 0.00545436 0.00075 0.00075 0 84.8878 0 
1 0.00551806 0.00075 0.00075 0 84.9831 0 
1 0.00558183 0.00075 0.00075 0 85.0783 0 
1 0.00564568 0.00075 0.00075 0 85.1736 0 
1 0.00570959 0.00075 0.00075 0 85.2688 0 
1 0.00577358 0.00075 0.00075 0 85.364 0 
1 0.00583764 0.00075 0.00075 0 85.4593 0 
