[g 344865 344867 0 1 6.79938e-10 6.79938e-10|1.81317e-06 -1.87894e-15 -9.39469e-16 -9.06585e-07|-2.23848e-12] [n 344866 344867 0 2 -1.88635e-11 -1.88635e-11|-1.55487e-06 -1.7384e-06 1.87466e-08 -1.67675e-08|-2.87939e-12] [n 344867 344867 1 2 -1.59804e-11 -1.59804e-11|2.07818e-06 -2.32347e-06 1.58814e-08 1.42048e-08|-3.84848e-12] 
{0 0.0014986 0.00075|-23.4212}{1 0.0034986 0.00075|-23.4212}{2 0.0024986 0.00186803|23.4212}[g 344868 344870 0 1 6.79939e-10 6.79939e-10|1.81317e-06 -1.87894e-15 -9.39469e-16 -9.06585e-07|-2.23848e-12] [n 344869 344870 0 2 -1.88632e-11 -1.88632e-11|-1.55487e-06 -1.7384e-06 1.87464e-08 -1.67673e-08|-2.8794e-12] [n 344870 344870 1 2 -1.59806e-11 -1.59806e-11|2.07818e-06 -2.32347e-06 1.58817e-08 1.4205e-08|-3.84848e-12] 
{0 0.00149862 0.00075|-23.4212}{1 0.00349862 0.00075|-23.4212}{2 0.00249862 0.00186803|23.4212}[g 344871 344873 0 1 6.79939e-10 6.79939e-10|1.81317e-06 -1.87894e-15 -9.39471e-16 -9.06586e-07|-2.23848e-12] [n 344872 344873 0 2 -1.8863e-11 -1.8863e-11|-1.55487e-06 -1.7384e-06 1.87462e-08 -1.67671e-08|-2.8794e-12] [n 344873 344873 1 2 -1.59808e-11 -1.59808e-11|2.07818e-06 -2.32347e-06 1.58819e-08 1.42052e-08|-3.84848e-12] 
{0 0.00149863 0.00075|-23.4211}{1 0.00349863 0.00075|-23.4211}{2 0.00249863 0.00186803|23.4211}[g 344874 344876 0 1 6.7994e-10 6.7994e-10|1.81317e-06 -1.87894e-15 -9.39472e-16 -9.06586e-07|-2.23848e-12] [n 344875 344876 0 2 -1.88627e-11 -1.88627e-11|-1.55487e-06 -1.7384e-06 1.87459e-08 -1.67668e-08|-2.8794e-12] [n 344876 344876 1 2 -1.5981e-11 -1.5981e-11|2.07818e-06 -2.32347e-06 1.58821e-08 1.42054e-08|-3.84848e-12] 
{0 0.00149865 0.00075|-23.4211}{1 0.00349865 0.00075|-23.4211}{2 0.00249865 0.00186803|23.4211}[g 344877 344879 0 1 6.7994e-10 6.7994e-10|1.81317e-06 -1.87895e-15 -9.39473e-16 -9.06587e-07|-2.23849e-12] [n 344878 344879 0 2 -1.88625e-11 -1.88625e-11|-1.55487e-06 -1.7384e-06 1.87457e-08 -1.67667e-08|-2.87939e-12] [n 344879 344879 1 2 -1.59813e-11 -1.59813e-11|2.07818e-06 -2.32347e-06 1.58823e-08 1.42056e-08|-3.84848e-12] 
{0 0.00149867 0.00075|-23.4211}{1 0.00349867 0.00075|-23.4211}{2 0.00249867 0.00186803|23.4211}[g 344880 344882 0 1 6.7994e-10 6.7994e-10|1.81317e-06 -1.87895e-15 -9.39474e-16 -9.06587e-07|-2.23849e-12] [n 344881 344882 0 2 -1.88623e-11 -1.88623e-11|-1.55487e-06 -1.7384e-06 1.87455e-08 -1.67665e-08|-2.8794e-12] [n 344882 344882 1 2 -1.59815e-11 -1.59815e-11|2.07818e-06 -2.32347e-06 1.58826e-08 1.42058e-08|-3.84848e-12] 
{0 0.00149869 0.00075|-23.421}{1 0.00349869 0.00075|-23.421}{2 0.00249869 0.00186803|23.421}[g 344883 344885 0 1 6.7994e-10 6.7994e-10|1.81317e-06 -1.87895e-15 -9.39474e-16 -9.06587e-07|-2.23849e-12] [n 344884 344885 0 2 -1.88622e-11 -1.88622e-11|-1.55487e-06 -1.7384e-06 1.87454e-08 -1.67664e-08|-2.8794e-12] [n 344885 344885 1 2 -1.59818e-11 -1.59818e-11|2.07818e-06 -2.32347e-06 1.58829e-08 1.42061e-08|-3.84848e-12] 
{0 0.0014987 0.00075|-23.421}{1 0.0034987 0.00075|-23.421}{2 0.0024987 0.00186803|23.421}[g 344886 344888 0 1 6.7994e-10 6.7994e-10|1.81317e-06 -1.87895e-15 -9.39475e-16 -9.06587e-07|-2.23849e-12] [n 344887 344888 0 2 -1.8862e-11 -1.8862e-11|-1.55487e-06 -1.7384e-06 1.87452e-08 -1.67662e-08|-2.8794e-12] [n 344888 344888 1 2 -1.59821e-11 -1.59821e-11|2.07818e-06 -2.32348e-06 1.58832e-08 1.42063e-08|-3.84848e-12] 
{0 0.00149872 0.00075|-23.421}{1 0.00349872 0.00075|-23.421}{2 0.00249872 0.00186803|23.421}[g 344889 344891 0 1 6.7994e-10 6.7994e-10|1.81317e-06 -1.87895e-15 -9.39475e-16 -9.06587e-07|-2.23849e-12] [n 344890 344891 0 2 -1.88618e-11 -1.88618e-11|-1.55487e-06 -1.7384e-06 1.8745e-08 -1.6766e-08|-2.8794e-12] [n 344891 344891 1 2 -1.59824e-11 -1.59824e-11|2.07818e-06 -2.32348e-06 1.58834e-08 1.42066e-08|-3.84848e-12] 
{0 0.00149874 0.00075|-23.4209}{1 0.00349874 0.00075|-23.4209}{2 0.00249874 0.00186803|23.4209}[g 344892 344894 0 1 6.79941e-10 6.79941e-10|1.81318e-06 -1.87895e-15 -9.39476e-16 -9.06588e-07|-2.23849e-12] [n 344893 344894 0 2 -1.88615e-11 -1.88615e-11|-1.55487e-06 -1.7384e-06 1.87447e-08 -1.67658e-08|-2.8794e-12] [n 344894 344894 1 2 -1.59826e-11 -1.59826e-11|2.07818e-06 -2.32347e-06 1.58836e-08 1.42068e-08|-3.84848e-12] 
{0 0.00149876 0.00075|-23.4209}{1 0.00349876 0.00075|-23.4209}{2 0.00249876 0.00186803|23.4209}[g 344895 344897 0 1 6.79942e-10 6.79942e-10|1.81318e-06 -1.87895e-15 -9.39477e-16 -9.06589e-07|-2.23849e-12] [n 344896 344897 0 2 -1.88612e-11 -1.88612e-11|-1.55487e-06 -1.7384e-06 1.87444e-08 -1.67655e-08|-2.8794e-12] [n 344897 344897 1 2 -1.59828e-11 -1.59828e-11|2.07818e-06 -2.32347e-06 1.58838e-08 1.42069e-08|-3.84848e-12] 
{0 0.00149878 0.00075|-23.4209}{1 0.00349878 0.00075|-23.4209}{2 0.00249878 0.00186803|23.4209}[g 344898 344900 0 1 6.79942e-10 6.79942e-10|1.81318e-06 -1.87895e-15 -9.39477e-16 -9.06589e-07|-2.23849e-12] [n 344899 344900 0 2 -1.8861e-11 -1.8861e-11|-1.55487e-06 -1.7384e-06 1.87442e-08 -1.67653e-08|-2.8794e-12] [n 344900 344900 1 2 -1.5983e-11 -1.5983e-11|2.07818e-06 -2.32347e-06 1.5884e-08 1.42071e-08|-3.84848e-12] 
{0 0.00149879 0.00075|-23.4208}{1 0.00349879 0.00075|-23.4208}{2 0.00249879 0.00186803|23.4208}[g 344901 344903 0 1 6.79942e-10 6.79942e-10|1.81318e-06 -1.87896e-15 -9.39478e-16 -9.0659e-07|-2.23849e-12] [n 344902 344903 0 2 -1.88608e-11 -1.88608e-11|-1.55487e-06 -1.7384e-06 1.8744e-08 -1.67652e-08|-2.8794e-12] [n 344903 344903 1 2 -1.59833e-11 -1.59833e-11|2.07818e-06 -2.32347e-06 1.58843e-08 1.42073e-08|-3.84848e-12] 
{0 0.00149881 0.00075|-23.4208}{1 0.00349881 0.00075|-23.4208}{2 0.00249881 0.00186803|23.4208}[g 344904 344906 0 1 6.79942e-10 6.79942e-10|1.81318e-06 -1.87896e-15 -9.39479e-16 -9.0659e-07|-2.23849e-12] [n 344905 344906 0 2 -1.88606e-11 -1.88606e-11|-1.55487e-06 -1.7384e-06 1.87439e-08 -1.6765e-08|-2.8794e-12] [n 344906 344906 1 2 -1.59835e-11 -1.59835e-11|2.07818e-06 -2.32348e-06 1.58846e-08 1.42076e-08|-3.84848e-12] 
{0 0.00149883 0.00075|-23.4208}{1 0.00349883 0.00075|-23.4208}{2 0.00249883 0.00186803|23.4208}[g 344907 344909 0 1 6.79942e-10 6.79942e-10|1.81318e-06 -1.87896e-15 -9.3948e-16 -9.0659e-07|-2.23849e-12] [n 344908 344909 0 2 -1.88605e-11 -1.88605e-11|-1.55487e-06 -1.7384e-06 1.87437e-08 -1.67649e-08|-2.8794e-12] [n 344909 344909 1 2 -1.59838e-11 -1.59838e-11|2.07818e-06 -2.32348e-06 1.58849e-08 1.42079e-08|-3.84848e-12] 
{0 0.00149885 0.00075|-23.4207}{1 0.00349885 0.00075|-23.4207}{2 0.00249885 0.00186803|23.4207}[g 344910 344912 0 1 6.79943e-10 6.79943e-10|1.81318e-06 -1.87896e-15 -9.39481e-16 -9.0659e-07|-2.23849e-12] [n 344911 344912 0 2 -1.88603e-11 -1.88603e-11|-1.55487e-06 -1.7384e-06 1.87435e-08 -1.67647e-08|-2.8794e-12] [n 344912 344912 1 2 -1.59841e-11 -1.59841e-11|2.07818e-06 -2.32348e-06 1.58851e-08 1.42081e-08|-3.84848e-12] 
{0 0.00149886 0.00075|-23.4207}{1 0.00349886 0.00075|-23.4207}{2 0.00249886 0.00186803|23.4207}[g 344913 344915 0 1 6.79943e-10 6.79943e-10|1.81318e-06 -1.87896e-15 -9.39482e-16 -9.06591e-07|-2.2385e-12] [n 344914 344915 0 2 -1.88601e-11 -1.88601e-11|-1.55487e-06 -1.7384e-06 1.87433e-08 -1.67645e-08|-2.8794e-12] [n 344915 344915 1 2 -1.59844e-11 -1.59844e-11|2.07818e-06 -2.32348e-06 1.58854e-08 1.42083e-08|-3.84848e-12] 
{0 0.00149888 0.00075|-23.4207}{1 0.00349888 0.00075|-23.4207}{2 0.00249888 0.00186803|23.4207}[g 344916 344918 0 1 6.79943e-10 6.79943e-10|1.81318e-06 -1.87897e-15 -9.39483e-16 -9.06591e-07|-2.2385e-12] [n 344917 344918 0 2 -1.88598e-11 -1.88598e-11|-1.55487e-06 -1.7384e-06 1.87431e-08 -1.67643e-08|-2.8794e-12] [n 344918 344918 1 2 -1.59846e-11 -1.59846e-11|2.07818e-06 -2.32348e-06 1.58856e-08 1.42085e-08|-3.84848e-12] 
{0 0.0014989 0.00075|-23.4206}{1 0.0034989 0.00075|-23.4206}{2 0.0024989 0.00186803|23.4206}[g 344919 344921 0 1 6.79944e-10 6.79944e-10|1.81318e-06 -1.87897e-15 -9.39484e-16 -9.06592e-07|-2.2385e-12] [n 344920 344921 0 2 -1.88596e-11 -1.88596e-11|-1.55487e-06 -1.7384e-06 1.87428e-08 -1.67641e-08|-2.8794e-12] [n 344921 344921 1 2 -1.59849e-11 -1.59849e-11|2.07818e-06 -2.32348e-06 1.58859e-08 1.42088e-08|-3.84848e-12] 
{0 0.00149892 0.00075|-23.4206}{1 0.00349892 0.00075|-23.4206}{2 0.00249892 0.00186803|23.4206}[g 344922 344924 0 1 6.79944e-10 6.79944e-10|1.81318e-06 -1.87897e-15 -9.39485e-16 -9.06592e-07|-2.2385e-12] [n 344923 344924 0 2 -1.88594e-11 -1.88594e-11|-1.55488e-06 -1.7384e-06 1.87426e-08 -1.67639e-08|-2.8794e-12] [n 344924 344924 1 2 -1.59851e-11 -1.59851e-11|2.07818e-06 -2.32348e-06 1.58861e-08 1.4209e-08|-3.84848e-12] 
{0 0.00149893 0.00075|-23.4206}{1 0.00349893 0.00075|-23.4206}{2 0.00249893 0.00186803|23.4206}[g 344925 344927 0 1 6.79944e-10 6.79944e-10|1.81318e-06 -1.87897e-15 -9.39486e-16 -9.06592e-07|-2.2385e-12] [n 344926 344927 0 2 -1.88592e-11 -1.88592e-11|-1.55488e-06 -1.7384e-06 1.87424e-08 -1.67637e-08|-2.8794e-12] [n 344927 344927 1 2 -1.59854e-11 -1.59854e-11|2.07818e-06 -2.32348e-06 1.58864e-08 1.42092e-08|-3.84848e-12] 
{0 0.00149895 0.00075|-23.4205}{1 0.00349895 0.00075|-23.4205}{2 0.00249895 0.00186803|23.4205}[g 344928 344930 0 1 6.79945e-10 6.79945e-10|1.81319e-06 -1.87897e-15 -9.39487e-16 -9.06593e-07|-2.2385e-12] [n 344929 344930 0 2 -1.8859e-11 -1.8859e-11|-1.55488e-06 -1.7384e-06 1.87423e-08 -1.67636e-08|-2.8794e-12] [n 344930 344930 1 2 -1.59857e-11 -1.59857e-11|2.07818e-06 -2.32348e-06 1.58867e-08 1.42095e-08|-3.84848e-12] 
{0 0.00149897 0.00075|-23.4205}{1 0.00349897 0.00075|-23.4205}{2 0.00249897 0.00186803|23.4205}[g 344931 344933 0 1 6.79945e-10 6.79945e-10|1.81319e-06 -1.87898e-15 -9.39488e-16 -9.06593e-07|-2.2385e-12] [n 344932 344933 0 2 -1.88589e-11 -1.88589e-11|-1.55488e-06 -1.7384e-06 1.87421e-08 -1.67634e-08|-2.8794e-12] [n 344933 344933 1 2 -1.5986e-11 -1.5986e-11|2.07818e-06 -2.32348e-06 1.5887e-08 1.42098e-08|-3.84849e-12] 
{0 0.00149899 0.00075|-23.4204}{1 0.00349899 0.00075|-23.4204}{2 0.00249899 0.00186803|23.4204}[g 344934 344936 0 1 6.79945e-10 6.79945e-10|1.81319e-06 -1.87898e-15 -9.39489e-16 -9.06593e-07|-2.2385e-12] [n 344935 344936 0 2 -1.88587e-11 -1.88587e-11|-1.55488e-06 -1.7384e-06 1.87419e-08 -1.67633e-08|-2.8794e-12] [n 344936 344936 1 2 -1.59863e-11 -1.59863e-11|2.07818e-06 -2.32348e-06 1.58873e-08 1.421e-08|-3.84849e-12] 
{0 0.001499 0.00075|-23.4204}{1 0.003499 0.00075|-23.4204}{2 0.002499 0.00186803|23.4204}[g 344937 344939 0 1 6.79945e-10 6.79945e-10|1.81319e-06 -1.87898e-15 -9.3949e-16 -9.06594e-07|-2.2385e-12] [n 344938 344939 0 2 -1.88585e-11 -1.88585e-11|-1.55488e-06 -1.7384e-06 1.87417e-08 -1.67631e-08|-2.8794e-12] [n 344939 344939 1 2 -1.59865e-11 -1.59865e-11|2.07818e-06 -2.32348e-06 1.58876e-08 1.42103e-08|-3.84849e-12] 
{0 0.00149902 0.00075|-23.4204}{1 0.00349902 0.00075|-23.4204}{2 0.00249902 0.00186803|23.4204}[g 344940 344942 0 1 6.79946e-10 6.79946e-10|1.81319e-06 -1.87898e-15 -9.39491e-16 -9.06594e-07|-2.2385e-12] [n 344941 344942 0 2 -1.88583e-11 -1.88583e-11|-1.55488e-06 -1.7384e-06 1.87415e-08 -1.67629e-08|-2.8794e-12] [n 344942 344942 1 2 -1.59868e-11 -1.59868e-11|2.07818e-06 -2.32348e-06 1.58878e-08 1.42105e-08|-3.84849e-12] 
{0 0.00149904 0.00075|-23.4203}{1 0.00349904 0.00075|-23.4203}{2 0.00249904 0.00186803|23.4203}[g 344943 344945 0 1 6.79946e-10 6.79946e-10|1.81319e-06 -1.87898e-15 -9.39491e-16 -9.06595e-07|-2.2385e-12] [n 344944 344945 0 2 -1.8858e-11 -1.8858e-11|-1.55488e-06 -1.7384e-06 1.87412e-08 -1.67627e-08|-2.8794e-12] [n 344945 344945 1 2 -1.5987e-11 -1.5987e-11|2.07818e-06 -2.32348e-06 1.5888e-08 1.42107e-08|-3.84849e-12] 
{0 0.00149906 0.00075|-23.4203}{1 0.00349906 0.00075|-23.4203}{2 0.00249906 0.00186803|23.4203}[g 344946 344948 0 1 6.79946e-10 6.79946e-10|1.81319e-06 -1.87898e-15 -9.39492e-16 -9.06595e-07|-2.23851e-12] [n 344947 344948 0 2 -1.88578e-11 -1.88578e-11|-1.55488e-06 -1.7384e-06 1.8741e-08 -1.67625e-08|-2.8794e-12] [n 344948 344948 1 2 -1.59873e-11 -1.59873e-11|2.07818e-06 -2.32348e-06 1.58883e-08 1.42109e-08|-3.84849e-12] 
{0 0.00149907 0.00075|-23.4203}{1 0.00349907 0.00075|-23.4203}{2 0.00249907 0.00186803|23.4203}[g 344949 344951 0 1 6.79946e-10 6.79946e-10|1.81319e-06 -1.87898e-15 -9.39492e-16 -9.06595e-07|-2.23851e-12] [n 344950 344951 0 2 -1.88575e-11 -1.88575e-11|-1.55488e-06 -1.7384e-06 1.87408e-08 -1.67623e-08|-2.8794e-12] [n 344951 344951 1 2 -1.59875e-11 -1.59875e-11|2.07818e-06 -2.32348e-06 1.58885e-08 1.42111e-08|-3.84849e-12] 
{0 0.00149909 0.00075|-23.4202}{1 0.00349909 0.00075|-23.4202}{2 0.00249909 0.00186803|23.4202}[g 344952 344954 0 1 6.79947e-10 6.79947e-10|1.81319e-06 -1.87899e-15 -9.39493e-16 -9.06595e-07|-2.23851e-12] [n 344953 344954 0 2 -1.88573e-11 -1.88573e-11|-1.55488e-06 -1.7384e-06 1.87406e-08 -1.67621e-08|-2.8794e-12] [n 344954 344954 1 2 -1.59877e-11 -1.59877e-11|2.07818e-06 -2.32348e-06 1.58887e-08 1.42113e-08|-3.84849e-12] 
{0 0.00149911 0.00075|-23.4202}{1 0.00349911 0.00075|-23.4202}{2 0.00249911 0.00186803|23.4202}[g 344955 344957 0 1 6.79947e-10 6.79947e-10|1.81319e-06 -1.87899e-15 -9.39493e-16 -9.06596e-07|-2.23851e-12] [n 344956 344957 0 2 -1.88571e-11 -1.88571e-11|-1.55488e-06 -1.7384e-06 1.87404e-08 -1.67619e-08|-2.8794e-12] [n 344957 344957 1 2 -1.5988e-11 -1.5988e-11|2.07818e-06 -2.32348e-06 1.5889e-08 1.42115e-08|-3.84849e-12] 
{0 0.00149913 0.00075|-23.4202}{1 0.00349913 0.00075|-23.4202}{2 0.00249913 0.00186803|23.4202}[g 344958 344960 0 1 6.79947e-10 6.79947e-10|1.81319e-06 -1.87899e-15 -9.39494e-16 -9.06596e-07|-2.23851e-12] [n 344959 344960 0 2 -1.88569e-11 -1.88569e-11|-1.55488e-06 -1.7384e-06 1.87402e-08 -1.67617e-08|-2.8794e-12] [n 344960 344960 1 2 -1.59882e-11 -1.59882e-11|2.07818e-06 -2.32348e-06 1.58892e-08 1.42117e-08|-3.84849e-12] 
{0 0.00149914 0.00075|-23.4201}{1 0.00349914 0.00075|-23.4201}{2 0.00249914 0.00186803|23.4201}[g 344961 344963 0 1 6.79947e-10 6.79947e-10|1.81319e-06 -1.87899e-15 -9.39495e-16 -9.06596e-07|-2.23851e-12] [n 344962 344963 0 2 -1.88567e-11 -1.88567e-11|-1.55488e-06 -1.7384e-06 1.874e-08 -1.67615e-08|-2.8794e-12] [n 344963 344963 1 2 -1.59884e-11 -1.59884e-11|2.07818e-06 -2.32348e-06 1.58894e-08 1.42119e-08|-3.84849e-12] 
{0 0.00149916 0.00075|-23.4201}{1 0.00349916 0.00075|-23.4201}{2 0.00249916 0.00186803|23.4201}[g 344964 344966 0 1 6.79948e-10 6.79948e-10|1.81319e-06 -1.87899e-15 -9.39496e-16 -9.06597e-07|-2.23851e-12] [n 344965 344966 0 2 -1.88565e-11 -1.88565e-11|-1.55488e-06 -1.7384e-06 1.87398e-08 -1.67613e-08|-2.8794e-12] [n 344966 344966 1 2 -1.59887e-11 -1.59887e-11|2.07818e-06 -2.32348e-06 1.58897e-08 1.42122e-08|-3.84849e-12] 
{0 0.00149918 0.00075|-23.4201}{1 0.00349918 0.00075|-23.4201}{2 0.00249918 0.00186803|23.4201}[g 344967 344969 0 1 6.79948e-10 6.79948e-10|1.81319e-06 -1.87899e-15 -9.39497e-16 -9.06597e-07|-2.23851e-12] [n 344968 344969 0 2 -1.88563e-11 -1.88563e-11|-1.55488e-06 -1.7384e-06 1.87396e-08 -1.67612e-08|-2.8794e-12] [n 344969 344969 1 2 -1.59889e-11 -1.59889e-11|2.07819e-06 -2.32348e-06 1.58899e-08 1.42124e-08|-3.84849e-12] 
{0 0.0014992 0.00075|-23.42}{1 0.0034992 0.00075|-23.42}{2 0.0024992 0.00186803|23.42}[g 344970 344972 0 1 6.79948e-10 6.79948e-10|1.8132e-06 -1.879e-15 -9.39498e-16 -9.06598e-07|-2.23851e-12] [n 344971 344972 0 2 -1.88561e-11 -1.88561e-11|-1.55488e-06 -1.7384e-06 1.87394e-08 -1.6761e-08|-2.8794e-12] [n 344972 344972 1 2 -1.59892e-11 -1.59892e-11|2.07819e-06 -2.32348e-06 1.58902e-08 1.42126e-08|-3.84849e-12] 
{0 0.00149921 0.00075|-23.42}{1 0.00349921 0.00075|-23.42}{2 0.00249921 0.00186803|23.42}[g 344973 344975 0 1 6.79949e-10 6.79949e-10|1.8132e-06 -1.879e-15 -9.39499e-16 -9.06598e-07|-2.23851e-12] [n 344974 344975 0 2 -1.8856e-11 -1.8856e-11|-1.55488e-06 -1.73841e-06 1.87392e-08 -1.67608e-08|-2.8794e-12] [n 344975 344975 1 2 -1.59895e-11 -1.59895e-11|2.07819e-06 -2.32348e-06 1.58905e-08 1.42129e-08|-3.84849e-12] 
{0 0.00149923 0.00075|-23.42}{1 0.00349923 0.00075|-23.42}{2 0.00249923 0.00186803|23.42}[g 344976 344978 0 1 6.79949e-10 6.79949e-10|1.8132e-06 -1.879e-15 -9.395e-16 -9.06598e-07|-2.23851e-12] [n 344977 344978 0 2 -1.88558e-11 -1.88558e-11|-1.55488e-06 -1.73841e-06 1.8739e-08 -1.67607e-08|-2.8794e-12] [n 344978 344978 1 2 -1.59897e-11 -1.59897e-11|2.07819e-06 -2.32348e-06 1.58907e-08 1.42131e-08|-3.84849e-12] 
{0 0.00149925 0.00075|-23.4199}{1 0.00349925 0.00075|-23.4199}{2 0.00249925 0.00186803|23.4199}[g 344979 344981 0 1 6.79949e-10 6.79949e-10|1.8132e-06 -1.879e-15 -9.39501e-16 -9.06599e-07|-2.23852e-12] [n 344980 344981 0 2 -1.88556e-11 -1.88556e-11|-1.55488e-06 -1.73841e-06 1.87388e-08 -1.67605e-08|-2.8794e-12] [n 344981 344981 1 2 -1.599e-11 -1.599e-11|2.07819e-06 -2.32348e-06 1.5891e-08 1.42133e-08|-3.84849e-12] 
{0 0.00149927 0.00075|-23.4199}{1 0.00349927 0.00075|-23.4199}{2 0.00249927 0.00186803|23.4199}[g 344982 344984 0 1 6.79949e-10 6.79949e-10|1.8132e-06 -1.879e-15 -9.39502e-16 -9.06599e-07|-2.23852e-12] [n 344983 344984 0 2 -1.88553e-11 -1.88553e-11|-1.55488e-06 -1.73841e-06 1.87386e-08 -1.67603e-08|-2.8794e-12] [n 344984 344984 1 2 -1.59903e-11 -1.59903e-11|2.07819e-06 -2.32348e-06 1.58913e-08 1.42136e-08|-3.84849e-12] 
{0 0.00149928 0.00075|-23.4199}{1 0.00349928 0.00075|-23.4199}{2 0.00249928 0.00186803|23.4199}[g 344985 344987 0 1 6.7995e-10 6.7995e-10|1.8132e-06 -1.87901e-15 -9.39503e-16 -9.06599e-07|-2.23852e-12] [n 344986 344987 0 2 -1.88551e-11 -1.88551e-11|-1.55488e-06 -1.73841e-06 1.87384e-08 -1.67601e-08|-2.8794e-12] [n 344987 344987 1 2 -1.59906e-11 -1.59906e-11|2.07819e-06 -2.32348e-06 1.58915e-08 1.42138e-08|-3.84849e-12] 
{0 0.0014993 0.00075|-23.4198}{1 0.0034993 0.00075|-23.4198}{2 0.0024993 0.00186803|23.4198}[g 344988 344990 0 1 6.7995e-10 6.7995e-10|1.8132e-06 -1.87901e-15 -9.39504e-16 -9.066e-07|-2.23852e-12] [n 344989 344990 0 2 -1.88549e-11 -1.88549e-11|-1.55488e-06 -1.73841e-06 1.87382e-08 -1.67599e-08|-2.8794e-12] [n 344990 344990 1 2 -1.59908e-11 -1.59908e-11|2.07819e-06 -2.32348e-06 1.58918e-08 1.42141e-08|-3.84849e-12] 
{0 0.00149932 0.00075|-23.4198}{1 0.00349932 0.00075|-23.4198}{2 0.00249932 0.00186803|23.4198}[g 344991 344993 0 1 6.7995e-10 6.7995e-10|1.8132e-06 -1.87901e-15 -9.39505e-16 -9.066e-07|-2.23852e-12] [n 344992 344993 0 2 -1.88547e-11 -1.88547e-11|-1.55488e-06 -1.73841e-06 1.8738e-08 -1.67598e-08|-2.8794e-12] [n 344993 344993 1 2 -1.59911e-11 -1.59911e-11|2.07819e-06 -2.32348e-06 1.58921e-08 1.42143e-08|-3.84849e-12] 
{0 0.00149934 0.00075|-23.4197}{1 0.00349934 0.00075|-23.4197}{2 0.00249934 0.00186803|23.4197}[g 344994 344996 0 1 6.79951e-10 6.79951e-10|1.8132e-06 -1.87901e-15 -9.39505e-16 -9.06601e-07|-2.23852e-12] [n 344995 344996 0 2 -1.88545e-11 -1.88545e-11|-1.55488e-06 -1.73841e-06 1.87378e-08 -1.67596e-08|-2.8794e-12] [n 344996 344996 1 2 -1.59913e-11 -1.59913e-11|2.07819e-06 -2.32348e-06 1.58923e-08 1.42145e-08|-3.84849e-12] 
{0 0.00149935 0.00075|-23.4197}{1 0.00349935 0.00075|-23.4197}{2 0.00249935 0.00186803|23.4197}[g 344997 344999 0 1 6.79951e-10 6.79951e-10|1.8132e-06 -1.87901e-15 -9.39506e-16 -9.06601e-07|-2.23852e-12] [n 344998 344999 0 2 -1.88543e-11 -1.88543e-11|-1.55488e-06 -1.73841e-06 1.87376e-08 -1.67594e-08|-2.8794e-12] [n 344999 344999 1 2 -1.59916e-11 -1.59916e-11|2.07819e-06 -2.32348e-06 1.58926e-08 1.42148e-08|-3.8485e-12] 
{0 0.00149937 0.00075|-23.4197}{1 0.00349937 0.00075|-23.4197}{2 0.00249937 0.00186803|23.4197}[g 345000 345002 0 1 6.79951e-10 6.79951e-10|1.8132e-06 -1.87901e-15 -9.39507e-16 -9.06601e-07|-2.23852e-12] [n 345001 345002 0 2 -1.88541e-11 -1.88541e-11|-1.55488e-06 -1.73841e-06 1.87374e-08 -1.67592e-08|-2.8794e-12] [n 345002 345002 1 2 -1.59919e-11 -1.59919e-11|2.07819e-06 -2.32348e-06 1.58929e-08 1.4215e-08|-3.8485e-12] 
{0 0.00149939 0.00075|-23.4196}{1 0.00349939 0.00075|-23.4196}{2 0.00249939 0.00186803|23.4196}[g 345003 345005 0 1 6.79951e-10 6.79951e-10|1.8132e-06 -1.87902e-15 -9.39508e-16 -9.06602e-07|-2.23852e-12] [n 345004 345005 0 2 -1.88539e-11 -1.88539e-11|-1.55488e-06 -1.73841e-06 1.87372e-08 -1.6759e-08|-2.87941e-12] [n 345005 345005 1 2 -1.59922e-11 -1.59922e-11|2.07819e-06 -2.32349e-06 1.58931e-08 1.42152e-08|-3.8485e-12] 
{0 0.00149941 0.00075|-23.4196}{1 0.00349941 0.00075|-23.4196}{2 0.00249941 0.00186803|23.4196}[g 345006 345008 0 1 6.79952e-10 6.79952e-10|1.8132e-06 -1.87902e-15 -9.39509e-16 -9.06602e-07|-2.23852e-12] [n 345007 345008 0 2 -1.88537e-11 -1.88537e-11|-1.55488e-06 -1.73841e-06 1.8737e-08 -1.67588e-08|-2.87941e-12] [n 345008 345008 1 2 -1.59924e-11 -1.59924e-11|2.07819e-06 -2.32349e-06 1.58934e-08 1.42155e-08|-3.8485e-12] 
{0 0.00149943 0.00075|-23.4196}{1 0.00349943 0.00075|-23.4196}{2 0.00249943 0.00186803|23.4196}[g 345009 345011 0 1 6.79952e-10 6.79952e-10|1.8132e-06 -1.87902e-15 -9.3951e-16 -9.06602e-07|-2.23852e-12] [n 345010 345011 0 2 -1.88535e-11 -1.88535e-11|-1.55488e-06 -1.73841e-06 1.87367e-08 -1.67586e-08|-2.87941e-12] [n 345011 345011 1 2 -1.59927e-11 -1.59927e-11|2.07819e-06 -2.32349e-06 1.58937e-08 1.42157e-08|-3.8485e-12] 
{0 0.00149944 0.00075|-23.4195}{1 0.00349944 0.00075|-23.4195}{2 0.00249944 0.00186803|23.4195}[g 345012 345014 0 1 6.79952e-10 6.79952e-10|1.81321e-06 -1.87902e-15 -9.39511e-16 -9.06603e-07|-2.23853e-12] [n 345013 345014 0 2 -1.88532e-11 -1.88532e-11|-1.55488e-06 -1.73841e-06 1.87365e-08 -1.67584e-08|-2.87941e-12] [n 345014 345014 1 2 -1.5993e-11 -1.5993e-11|2.07819e-06 -2.32349e-06 1.58939e-08 1.4216e-08|-3.8485e-12] 
{0 0.00149946 0.00075|-23.4195}{1 0.00349946 0.00075|-23.4195}{2 0.00249946 0.00186803|23.4195}[g 345015 345017 0 1 6.79952e-10 6.79952e-10|1.81321e-06 -1.87902e-15 -9.39511e-16 -9.06603e-07|-2.23853e-12] [n 345016 345017 0 2 -1.8853e-11 -1.8853e-11|-1.55488e-06 -1.73841e-06 1.87363e-08 -1.67582e-08|-2.87941e-12] [n 345017 345017 1 2 -1.59932e-11 -1.59932e-11|2.07819e-06 -2.32349e-06 1.58942e-08 1.42162e-08|-3.8485e-12] 
{0 0.00149948 0.00075|-23.4195}{1 0.00349948 0.00075|-23.4195}{2 0.00249948 0.00186803|23.4195}[g 345018 345020 0 1 6.79952e-10 6.79952e-10|1.81321e-06 -1.87902e-15 -9.39512e-16 -9.06603e-07|-2.23853e-12] [n 345019 345020 0 2 -1.88528e-11 -1.88528e-11|-1.55488e-06 -1.73841e-06 1.87361e-08 -1.67581e-08|-2.87941e-12] [n 345020 345020 1 2 -1.59935e-11 -1.59935e-11|2.07819e-06 -2.32349e-06 1.58944e-08 1.42164e-08|-3.8485e-12] 
{0 0.0014995 0.00075|-23.4194}{1 0.0034995 0.00075|-23.4194}{2 0.0024995 0.00186803|23.4194}[g 345021 345023 0 1 6.79953e-10 6.79953e-10|1.81321e-06 -1.87903e-15 -9.39513e-16 -9.06604e-07|-2.23853e-12] [n 345022 345023 0 2 -1.88526e-11 -1.88526e-11|-1.55488e-06 -1.73841e-06 1.87359e-08 -1.67579e-08|-2.87941e-12] [n 345023 345023 1 2 -1.59937e-11 -1.59937e-11|2.07819e-06 -2.32349e-06 1.58947e-08 1.42166e-08|-3.8485e-12] 
{0 0.00149951 0.00075|-23.4194}{1 0.00349951 0.00075|-23.4194}{2 0.00249951 0.00186803|23.4194}[g 345024 345026 0 1 6.79953e-10 6.79953e-10|1.81321e-06 -1.87903e-15 -9.39514e-16 -9.06604e-07|-2.23853e-12] [n 345025 345026 0 2 -1.88524e-11 -1.88524e-11|-1.55488e-06 -1.73841e-06 1.87357e-08 -1.67577e-08|-2.87941e-12] [n 345026 345026 1 2 -1.59939e-11 -1.59939e-11|2.07819e-06 -2.32349e-06 1.58949e-08 1.42168e-08|-3.8485e-12] 
{0 0.00149953 0.00075|-23.4194}{1 0.00349953 0.00075|-23.4194}{2 0.00249953 0.00186803|23.4194}[g 345027 345029 0 1 6.79954e-10 6.79954e-10|1.81321e-06 -1.87903e-15 -9.39515e-16 -9.06605e-07|-2.23853e-12] [n 345028 345029 0 2 -1.88522e-11 -1.88522e-11|-1.55488e-06 -1.73841e-06 1.87355e-08 -1.67575e-08|-2.87941e-12] [n 345029 345029 1 2 -1.59942e-11 -1.59942e-11|2.07819e-06 -2.32349e-06 1.58951e-08 1.4217e-08|-3.8485e-12] 
{0 0.00149955 0.00075|-23.4193}{1 0.00349955 0.00075|-23.4193}{2 0.00249955 0.00186803|23.4193}[g 345030 345032 0 1 6.79954e-10 6.79954e-10|1.81321e-06 -1.87903e-15 -9.39515e-16 -9.06605e-07|-2.23853e-12] [n 345031 345032 0 2 -1.8852e-11 -1.8852e-11|-1.55488e-06 -1.73841e-06 1.87353e-08 -1.67574e-08|-2.87941e-12] [n 345032 345032 1 2 -1.59944e-11 -1.59944e-11|2.07819e-06 -2.32349e-06 1.58954e-08 1.42172e-08|-3.8485e-12] 
{0 0.00149957 0.00075|-23.4193}{1 0.00349957 0.00075|-23.4193}{2 0.00249957 0.00186803|23.4193}[g 345033 345035 0 1 6.79954e-10 6.79954e-10|1.81321e-06 -1.87903e-15 -9.39516e-16 -9.06605e-07|-2.23853e-12] [n 345034 345035 0 2 -1.88518e-11 -1.88518e-11|-1.55488e-06 -1.73841e-06 1.87351e-08 -1.67572e-08|-2.87941e-12] [n 345035 345035 1 2 -1.59947e-11 -1.59947e-11|2.07819e-06 -2.32349e-06 1.58956e-08 1.42175e-08|-3.8485e-12] 
{0 0.00149958 0.00075|-23.4193}{1 0.00349958 0.00075|-23.4193}{2 0.00249958 0.00186803|23.4193}[g 345036 345038 0 1 6.79954e-10 6.79954e-10|1.81321e-06 -1.87903e-15 -9.39517e-16 -9.06606e-07|-2.23853e-12] [n 345037 345038 0 2 -1.88516e-11 -1.88516e-11|-1.55488e-06 -1.73841e-06 1.87349e-08 -1.6757e-08|-2.87941e-12] [n 345038 345038 1 2 -1.5995e-11 -1.5995e-11|2.07819e-06 -2.32349e-06 1.58959e-08 1.42177e-08|-3.8485e-12] 
{0 0.0014996 0.00075|-23.4192}{1 0.0034996 0.00075|-23.4192}{2 0.0024996 0.00186803|23.4192}[g 345039 345041 0 1 6.79954e-10 6.79954e-10|1.81321e-06 -1.87904e-15 -9.39518e-16 -9.06606e-07|-2.23853e-12] [n 345040 345041 0 2 -1.88514e-11 -1.88514e-11|-1.55488e-06 -1.73841e-06 1.87347e-08 -1.67568e-08|-2.87941e-12] [n 345041 345041 1 2 -1.59952e-11 -1.59952e-11|2.07819e-06 -2.32349e-06 1.58962e-08 1.4218e-08|-3.8485e-12] 
{0 0.00149962 0.00075|-23.4192}{1 0.00349962 0.00075|-23.4192}{2 0.00249962 0.00186803|23.4192}[g 345042 345044 0 1 6.79955e-10 6.79955e-10|1.81321e-06 -1.87904e-15 -9.39519e-16 -9.06606e-07|-2.23853e-12] [n 345043 345044 0 2 -1.88512e-11 -1.88512e-11|-1.55488e-06 -1.73841e-06 1.87345e-08 -1.67566e-08|-2.87941e-12] [n 345044 345044 1 2 -1.59955e-11 -1.59955e-11|2.07819e-06 -2.32349e-06 1.58965e-08 1.42182e-08|-3.8485e-12] 
{0 0.00149964 0.00075|-23.4192}{1 0.00349964 0.00075|-23.4192}{2 0.00249964 0.00186803|23.4192}[g 345045 345047 0 1 6.79955e-10 6.79955e-10|1.81321e-06 -1.87904e-15 -9.3952e-16 -9.06607e-07|-2.23854e-12] [n 345046 345047 0 2 -1.8851e-11 -1.8851e-11|-1.55488e-06 -1.73841e-06 1.87342e-08 -1.67564e-08|-2.87941e-12] [n 345047 345047 1 2 -1.59958e-11 -1.59958e-11|2.07819e-06 -2.32349e-06 1.58967e-08 1.42185e-08|-3.8485e-12] 
{0 0.00149965 0.00075|-23.4191}{1 0.00349965 0.00075|-23.4191}{2 0.00249965 0.00186803|23.4191}[g 345048 345050 0 1 6.79955e-10 6.79955e-10|1.81321e-06 -1.87904e-15 -9.3952e-16 -9.06607e-07|-2.23854e-12] [n 345049 345050 0 2 -1.88508e-11 -1.88508e-11|-1.55488e-06 -1.73841e-06 1.8734e-08 -1.67562e-08|-2.87941e-12] [n 345050 345050 1 2 -1.5996e-11 -1.5996e-11|2.07819e-06 -2.32349e-06 1.5897e-08 1.42187e-08|-3.8485e-12] 
{0 0.00149967 0.00075|-23.4191}{1 0.00349967 0.00075|-23.4191}{2 0.00249967 0.00186803|23.4191}[g 345051 345053 0 1 6.79956e-10 6.79956e-10|1.81322e-06 -1.87904e-15 -9.39521e-16 -9.06608e-07|-2.23854e-12] [n 345052 345053 0 2 -1.88505e-11 -1.88505e-11|-1.55488e-06 -1.73841e-06 1.87338e-08 -1.6756e-08|-2.87941e-12] [n 345053 345053 1 2 -1.59962e-11 -1.59962e-11|2.07819e-06 -2.32349e-06 1.58972e-08 1.42189e-08|-3.8485e-12] 
{0 0.00149969 0.00075|-23.419}{1 0.00349969 0.00075|-23.419}{2 0.00249969 0.00186803|23.419}[g 345054 345056 0 1 6.79956e-10 6.79956e-10|1.81322e-06 -1.87904e-15 -9.39522e-16 -9.06608e-07|-2.23854e-12] [n 345055 345056 0 2 -1.88503e-11 -1.88503e-11|-1.55488e-06 -1.73841e-06 1.87336e-08 -1.67559e-08|-2.87941e-12] [n 345056 345056 1 2 -1.59965e-11 -1.59965e-11|2.07819e-06 -2.32349e-06 1.58974e-08 1.42191e-08|-3.8485e-12] 
{0 0.00149971 0.00075|-23.419}{1 0.00349971 0.00075|-23.419}{2 0.00249971 0.00186803|23.419}[g 345057 345059 0 1 6.79956e-10 6.79956e-10|1.81322e-06 -1.87905e-15 -9.39523e-16 -9.06608e-07|-2.23854e-12] [n 345058 345059 0 2 -1.88501e-11 -1.88501e-11|-1.55488e-06 -1.73841e-06 1.87334e-08 -1.67557e-08|-2.87941e-12] [n 345059 345059 1 2 -1.59967e-11 -1.59967e-11|2.07819e-06 -2.32349e-06 1.58977e-08 1.42193e-08|-3.8485e-12] 
{0 0.00149972 0.00075|-23.419}{1 0.00349972 0.00075|-23.419}{2 0.00249972 0.00186803|23.419}[g 345060 345062 0 1 6.79957e-10 6.79957e-10|1.81322e-06 -1.87905e-15 -9.39524e-16 -9.06609e-07|-2.23854e-12] [n 345061 345062 0 2 -1.88499e-11 -1.88499e-11|-1.55488e-06 -1.73841e-06 1.87332e-08 -1.67555e-08|-2.87941e-12] [n 345062 345062 1 2 -1.5997e-11 -1.5997e-11|2.07819e-06 -2.32349e-06 1.58979e-08 1.42195e-08|-3.8485e-12] 
{0 0.00149974 0.00075|-23.4189}{1 0.00349974 0.00075|-23.4189}{2 0.00249974 0.00186803|23.4189}[g 345063 345065 0 1 6.79957e-10 6.79957e-10|1.81322e-06 -1.87905e-15 -9.39525e-16 -9.06609e-07|-2.23854e-12] [n 345064 345065 0 2 -1.88497e-11 -1.88497e-11|-1.55488e-06 -1.73841e-06 1.8733e-08 -1.67553e-08|-2.87941e-12] [n 345065 345065 1 2 -1.59973e-11 -1.59973e-11|2.07819e-06 -2.32349e-06 1.58982e-08 1.42198e-08|-3.84851e-12] 
{0 0.00149976 0.00075|-23.4189}{1 0.00349976 0.00075|-23.4189}{2 0.00249976 0.00186803|23.4189}[g 345066 345068 0 1 6.79957e-10 6.79957e-10|1.81322e-06 -1.87905e-15 -9.39526e-16 -9.06609e-07|-2.23854e-12] [n 345067 345068 0 2 -1.88495e-11 -1.88495e-11|-1.55488e-06 -1.73841e-06 1.87328e-08 -1.67551e-08|-2.87941e-12] [n 345068 345068 1 2 -1.59976e-11 -1.59976e-11|2.07819e-06 -2.32349e-06 1.58985e-08 1.42201e-08|-3.84851e-12] 
{0 0.00149978 0.00075|-23.4189}{1 0.00349978 0.00075|-23.4189}{2 0.00249978 0.00186803|23.4189}[g 345069 345071 0 1 6.79957e-10 6.79957e-10|1.81322e-06 -1.87905e-15 -9.39527e-16 -9.0661e-07|-2.23854e-12] [n 345070 345071 0 2 -1.88493e-11 -1.88493e-11|-1.55488e-06 -1.73841e-06 1.87326e-08 -1.6755e-08|-2.87941e-12] [n 345071 345071 1 2 -1.59979e-11 -1.59979e-11|2.07819e-06 -2.32349e-06 1.58988e-08 1.42203e-08|-3.84851e-12] 
{0 0.00149979 0.00075|-23.4188}{1 0.00349979 0.00075|-23.4188}{2 0.00249979 0.00186803|23.4188}[g 345072 345074 0 1 6.79958e-10 6.79958e-10|1.81322e-06 -1.87906e-15 -9.39528e-16 -9.0661e-07|-2.23854e-12] [n 345073 345074 0 2 -1.88491e-11 -1.88491e-11|-1.55488e-06 -1.73841e-06 1.87324e-08 -1.67548e-08|-2.87941e-12] [n 345074 345074 1 2 -1.59981e-11 -1.59981e-11|2.07819e-06 -2.32349e-06 1.58991e-08 1.42206e-08|-3.84851e-12] 
{0 0.00149981 0.00075|-23.4188}{1 0.00349981 0.00075|-23.4188}{2 0.00249981 0.00186803|23.4188}[g 345075 345077 0 1 6.79958e-10 6.79958e-10|1.81322e-06 -1.87906e-15 -9.39528e-16 -9.0661e-07|-2.23854e-12] [n 345076 345077 0 2 -1.88489e-11 -1.88489e-11|-1.55488e-06 -1.73841e-06 1.87322e-08 -1.67546e-08|-2.87941e-12] [n 345077 345077 1 2 -1.59984e-11 -1.59984e-11|2.07819e-06 -2.32349e-06 1.58993e-08 1.42208e-08|-3.84851e-12] 
{0 0.00149983 0.00075|-23.4188}{1 0.00349983 0.00075|-23.4188}{2 0.00249983 0.00186803|23.4188}[g 345078 345080 0 1 6.79958e-10 6.79958e-10|1.81322e-06 -1.87906e-15 -9.39529e-16 -9.0661e-07|-2.23854e-12] [n 345079 345080 0 2 -1.88487e-11 -1.88487e-11|-1.55488e-06 -1.73841e-06 1.8732e-08 -1.67544e-08|-2.87941e-12] [n 345080 345080 1 2 -1.59986e-11 -1.59986e-11|2.07819e-06 -2.32349e-06 1.58996e-08 1.4221e-08|-3.84851e-12] 
{0 0.00149985 0.00075|-23.4187}{1 0.00349985 0.00075|-23.4187}{2 0.00249985 0.00186803|23.4187}[g 345081 345083 0 1 6.79958e-10 6.79958e-10|1.81322e-06 -1.87906e-15 -9.39529e-16 -9.06611e-07|-2.23855e-12] [n 345082 345083 0 2 -1.88485e-11 -1.88485e-11|-1.55488e-06 -1.73841e-06 1.87317e-08 -1.67542e-08|-2.87941e-12] [n 345083 345083 1 2 -1.59989e-11 -1.59989e-11|2.07819e-06 -2.32349e-06 1.58998e-08 1.42212e-08|-3.84851e-12] 
{0 0.00149986 0.00075|-23.4187}{1 0.00349986 0.00075|-23.4187}{2 0.00249986 0.00186803|23.4187}[g 345084 345086 0 1 6.79959e-10 6.79959e-10|1.81322e-06 -1.87906e-15 -9.3953e-16 -9.06612e-07|-2.23855e-12] [n 345085 345086 0 2 -1.88482e-11 -1.88482e-11|-1.55488e-06 -1.73841e-06 1.87315e-08 -1.6754e-08|-2.87941e-12] [n 345086 345086 1 2 -1.59991e-11 -1.59991e-11|2.07819e-06 -2.32349e-06 1.59e-08 1.42214e-08|-3.84851e-12] 
{0 0.00149988 0.00075|-23.4187}{1 0.00349988 0.00075|-23.4187}{2 0.00249988 0.00186803|23.4187}[g 345087 345089 0 1 6.79959e-10 6.79959e-10|1.81322e-06 -1.87906e-15 -9.39531e-16 -9.06612e-07|-2.23855e-12] [n 345088 345089 0 2 -1.8848e-11 -1.8848e-11|-1.55488e-06 -1.73841e-06 1.87313e-08 -1.67538e-08|-2.87941e-12] [n 345089 345089 1 2 -1.59993e-11 -1.59993e-11|2.07819e-06 -2.32349e-06 1.59002e-08 1.42216e-08|-3.84851e-12] 
{0 0.0014999 0.00075|-23.4186}{1 0.0034999 0.00075|-23.4186}{2 0.0024999 0.00186803|23.4186}[g 345090 345092 0 1 6.79959e-10 6.79959e-10|1.81322e-06 -1.87906e-15 -9.39532e-16 -9.06612e-07|-2.23855e-12] [n 345091 345092 0 2 -1.88478e-11 -1.88478e-11|-1.55488e-06 -1.73841e-06 1.87311e-08 -1.67536e-08|-2.87941e-12] [n 345092 345092 1 2 -1.59995e-11 -1.59995e-11|2.0782e-06 -2.32349e-06 1.59005e-08 1.42218e-08|-3.84851e-12] 
{0 0.00149992 0.00075|-23.4186}{1 0.00349992 0.00075|-23.4186}{2 0.00249992 0.00186803|23.4186}[g 345093 345095 0 1 6.79959e-10 6.79959e-10|1.81323e-06 -1.87907e-15 -9.39533e-16 -9.06613e-07|-2.23855e-12] [n 345094 345095 0 2 -1.88476e-11 -1.88476e-11|-1.55488e-06 -1.73841e-06 1.87309e-08 -1.67535e-08|-2.87941e-12] [n 345095 345095 1 2 -1.59998e-11 -1.59998e-11|2.0782e-06 -2.32349e-06 1.59008e-08 1.42221e-08|-3.84851e-12] 
{0 0.00149993 0.00075|-23.4186}{1 0.00349993 0.00075|-23.4186}{2 0.00249993 0.00186803|23.4186}[g 345096 345098 0 1 6.7996e-10 6.7996e-10|1.81323e-06 -1.87907e-15 -9.39534e-16 -9.06613e-07|-2.23855e-12] [n 345097 345098 0 2 -1.88475e-11 -1.88475e-11|-1.55488e-06 -1.73841e-06 1.87307e-08 -1.67533e-08|-2.87941e-12] [n 345098 345098 1 2 -1.60001e-11 -1.60001e-11|2.0782e-06 -2.32349e-06 1.5901e-08 1.42223e-08|-3.84851e-12] 
{0 0.00149995 0.00075|-23.4185}{1 0.00349995 0.00075|-23.4185}{2 0.00249995 0.00186803|23.4185}[g 345099 345101 0 1 6.7996e-10 6.7996e-10|1.81323e-06 -1.87907e-15 -9.39535e-16 -9.06613e-07|-2.23855e-12] [n 345100 345101 0 2 -1.88473e-11 -1.88473e-11|-1.55488e-06 -1.73841e-06 1.87306e-08 -1.67531e-08|-2.87941e-12] [n 345101 345101 1 2 -1.60004e-11 -1.60004e-11|2.0782e-06 -2.32349e-06 1.59013e-08 1.42226e-08|-3.84851e-12] 
{0 0.00149997 0.00075|-23.4185}{1 0.00349997 0.00075|-23.4185}{2 0.00249997 0.00186803|23.4185}[g 345102 345104 0 1 6.7996e-10 6.7996e-10|1.81323e-06 -1.87907e-15 -9.39536e-16 -9.06614e-07|-2.23855e-12] [n 345103 345104 0 2 -1.88471e-11 -1.88471e-11|-1.55488e-06 -1.73841e-06 1.87304e-08 -1.6753e-08|-2.87941e-12] [n 345104 345104 1 2 -1.60007e-11 -1.60007e-11|2.0782e-06 -2.32349e-06 1.59016e-08 1.42228e-08|-3.84851e-12] 
{0 0.00149999 0.00075|-23.4184}{1 0.00349999 0.00075|-23.4184}{2 0.00249999 0.00186803|23.4184}[n 345105 345107 0 1 6.7996e-10 6.7996e-10|1.81323e-06 -1.87907e-15 -9.39537e-16 -9.06614e-07|-2.23855e-12] [n 345106 345107 0 2 -1.88469e-11 -1.88469e-11|-1.55488e-06 -1.73841e-06 1.87302e-08 -1.67528e-08|-2.87941e-12] [g 345107 345107 1 2 -1.6001e-11 -1.6001e-11|2.0782e-06 -2.32349e-06 1.59019e-08 1.42231e-08|-3.84851e-12] 
{0 0.0015 0.00075|-23.4184}{1 4.70001e-09 0.00075|-23.4184}{2 0.0025 0.00186803|23.4184}[n 345108 345110 0 1 6.79961e-10 6.79961e-10|1.81323e-06 -1.87907e-15 -9.39537e-16 -9.06614e-07|-2.23855e-12] [n 345109 345110 0 2 -1.88466e-11 -1.88466e-11|-1.55488e-06 -1.73841e-06 1.87299e-08 -1.67526e-08|-2.87941e-12] [g 345110 345110 1 2 -1.60012e-11 -1.60012e-11|2.0782e-06 -2.32349e-06 1.59022e-08 1.42233e-08|-3.84851e-12] 
{0 0.00150002 0.00075|-23.4184}{1 2.22638e-08 0.00075|-23.4184}{2 0.00250002 0.00186803|23.4184}[n 345111 345113 0 1 6.79961e-10 6.79961e-10|1.81323e-06 -1.87908e-15 -9.39538e-16 -9.06615e-07|-2.23855e-12] [n 345112 345113 0 2 -1.88464e-11 -1.88464e-11|-1.55488e-06 -1.73841e-06 1.87297e-08 -1.67524e-08|-2.87941e-12] [g 345113 345113 1 2 -1.60015e-11 -1.60015e-11|2.0782e-06 -2.32349e-06 1.59024e-08 1.42235e-08|-3.84851e-12] 
{0 0.00150004 0.00075|-23.4183}{1 3.98276e-08 0.00075|-23.4183}{2 0.00250004 0.00186803|23.4183}[n 345114 345116 0 1 6.79961e-10 6.79961e-10|1.81323e-06 -1.87908e-15 -9.39539e-16 -9.06615e-07|-2.23856e-12] [n 345115 345116 0 2 -1.88462e-11 -1.88462e-11|-1.55488e-06 -1.73841e-06 1.87295e-08 -1.67522e-08|-2.87941e-12] [g 345116 345116 1 2 -1.60017e-11 -1.60017e-11|2.0782e-06 -2.32349e-06 1.59026e-08 1.42238e-08|-3.84851e-12] 
{0 0.00150006 0.00075|-23.4183}{1 5.73913e-08 0.00075|-23.4183}{2 0.00250006 0.00186803|23.4183}[n 345117 345119 0 1 6.79962e-10 6.79962e-10|1.81323e-06 -1.87908e-15 -9.3954e-16 -9.06616e-07|-2.23856e-12] [n 345118 345119 0 2 -1.8846e-11 -1.8846e-11|-1.55488e-06 -1.73841e-06 1.87293e-08 -1.6752e-08|-2.87941e-12] [g 345119 345119 1 2 -1.6002e-11 -1.6002e-11|2.0782e-06 -2.32349e-06 1.59029e-08 1.4224e-08|-3.84851e-12] 
{0 0.00150007 0.00075|-23.4183}{1 7.4955e-08 0.00075|-23.4183}{2 0.00250007 0.00186803|23.4183}[n 345120 345122 0 1 6.79962e-10 6.79962e-10|1.81323e-06 -1.87908e-15 -9.39541e-16 -9.06616e-07|-2.23856e-12] [n 345121 345122 0 2 -1.88458e-11 -1.88458e-11|-1.55488e-06 -1.73841e-06 1.87291e-08 -1.67518e-08|-2.87941e-12] [g 345122 345122 1 2 -1.60022e-11 -1.60022e-11|2.0782e-06 -2.3235e-06 1.59031e-08 1.42242e-08|-3.84851e-12] 
{0 0.00150009 0.00075|-23.4182}{1 9.25187e-08 0.00075|-23.4182}{2 0.00250009 0.00186803|23.4182}[n 345123 345125 0 1 6.79962e-10 6.79962e-10|1.81323e-06 -1.87908e-15 -9.39542e-16 -9.06616e-07|-2.23856e-12] [n 345124 345125 0 2 -1.88456e-11 -1.88456e-11|-1.55488e-06 -1.73841e-06 1.87289e-08 -1.67517e-08|-2.87941e-12] [g 345125 345125 1 2 -1.60025e-11 -1.60025e-11|2.0782e-06 -2.3235e-06 1.59034e-08 1.42244e-08|-3.84851e-12] 
{0 0.00150011 0.00075|-23.4182}{1 1.10082e-07 0.00075|-23.4182}{2 0.00250011 0.00186803|23.4182}[n 345126 345128 0 1 6.79963e-10 6.79963e-10|1.81323e-06 -1.87909e-15 -9.39543e-16 -9.06617e-07|-2.23856e-12] [n 345127 345128 0 2 -1.88455e-11 -1.88455e-11|-1.55488e-06 -1.73841e-06 1.87288e-08 -1.67515e-08|-2.87941e-12] [g 345128 345128 1 2 -1.60028e-11 -1.60028e-11|2.0782e-06 -2.3235e-06 1.59037e-08 1.42247e-08|-3.84852e-12] 
{0 0.00150013 0.00075|-23.4182}{1 1.27646e-07 0.00075|-23.4182}{2 0.00250013 0.00186803|23.4182}[n 345129 345131 0 1 6.79963e-10 6.79963e-10|1.81323e-06 -1.87909e-15 -9.39544e-16 -9.06617e-07|-2.23856e-12] [n 345130 345131 0 2 -1.88453e-11 -1.88453e-11|-1.55488e-06 -1.73841e-06 1.87286e-08 -1.67513e-08|-2.87941e-12] [g 345131 345131 1 2 -1.6003e-11 -1.6003e-11|2.0782e-06 -2.3235e-06 1.5904e-08 1.42249e-08|-3.84852e-12] 
{0 0.00150015 0.00075|-23.4181}{1 1.4521e-07 0.00075|-23.4181}{2 0.00250015 0.00186803|23.4181}[n 345132 345134 0 1 6.79963e-10 6.79963e-10|1.81323e-06 -1.87909e-15 -9.39545e-16 -9.06617e-07|-2.23856e-12] [n 345133 345134 0 2 -1.8845e-11 -1.8845e-11|-1.55488e-06 -1.73841e-06 1.87283e-08 -1.67511e-08|-2.87941e-12] [g 345134 345134 1 2 -1.60033e-11 -1.60033e-11|2.0782e-06 -2.3235e-06 1.59042e-08 1.42252e-08|-3.84852e-12] 
{0 0.00150016 0.00075|-23.4181}{1 1.62773e-07 0.00075|-23.4181}{2 0.00250016 0.00186803|23.4181}[n 345135 345137 0 1 6.79963e-10 6.79963e-10|1.81324e-06 -1.87909e-15 -9.39545e-16 -9.06618e-07|-2.23856e-12] [n 345136 345137 0 2 -1.88448e-11 -1.88448e-11|-1.55488e-06 -1.73841e-06 1.87281e-08 -1.67509e-08|-2.87942e-12] [g 345137 345137 1 2 -1.60036e-11 -1.60036e-11|2.0782e-06 -2.3235e-06 1.59045e-08 1.42254e-08|-3.84852e-12] 
{0 0.00150018 0.00075|-23.4181}{1 1.80337e-07 0.00075|-23.4181}{2 0.00250018 0.00186803|23.4181}[n 345138 345140 0 1 6.79963e-10 6.79963e-10|1.81324e-06 -1.87909e-15 -9.39546e-16 -9.06618e-07|-2.23856e-12] [n 345139 345140 0 2 -1.88446e-11 -1.88446e-11|-1.55488e-06 -1.73841e-06 1.87279e-08 -1.67507e-08|-2.87942e-12] [g 345140 345140 1 2 -1.60038e-11 -1.60038e-11|2.0782e-06 -2.3235e-06 1.59047e-08 1.42256e-08|-3.84852e-12] 
{0 0.0015002 0.00075|-23.418}{1 1.979e-07 0.00075|-23.418}{2 0.0025002 0.00186803|23.418}[n 345141 345143 0 1 6.79964e-10 6.79964e-10|1.81324e-06 -1.87909e-15 -9.39547e-16 -9.06618e-07|-2.23856e-12] [n 345142 345143 0 2 -1.88443e-11 -1.88443e-11|-1.55488e-06 -1.73841e-06 1.87276e-08 -1.67505e-08|-2.87942e-12] [g 345143 345143 1 2 -1.60041e-11 -1.60041e-11|2.0782e-06 -2.3235e-06 1.5905e-08 1.42258e-08|-3.84852e-12] 
{0 0.00150022 0.00075|-23.418}{1 2.15464e-07 0.00075|-23.418}{2 0.00250022 0.00186803|23.418}[n 345144 345146 0 1 6.79964e-10 6.79964e-10|1.81324e-06 -1.8791e-15 -9.39548e-16 -9.06619e-07|-2.23856e-12] [n 345145 345146 0 2 -1.88441e-11 -1.88441e-11|-1.55488e-06 -1.73841e-06 1.87274e-08 -1.67503e-08|-2.87942e-12] [g 345146 345146 1 2 -1.60043e-11 -1.60043e-11|2.0782e-06 -2.3235e-06 1.59052e-08 1.4226e-08|-3.84852e-12] 
{0 0.00150023 0.00075|-23.418}{1 2.33027e-07 0.00075|-23.418}{2 0.00250023 0.00186803|23.418}[n 345147 345149 0 1 6.79964e-10 6.79964e-10|1.81324e-06 -1.8791e-15 -9.39549e-16 -9.06619e-07|-2.23857e-12] [n 345148 345149 0 2 -1.88439e-11 -1.88439e-11|-1.55488e-06 -1.73841e-06 1.87273e-08 -1.67502e-08|-2.87942e-12] [g 345149 345149 1 2 -1.60045e-11 -1.60045e-11|2.0782e-06 -2.3235e-06 1.59054e-08 1.42263e-08|-3.84852e-12] 
{0 0.00150025 0.00075|-23.4179}{1 2.50591e-07 0.00075|-23.4179}{2 0.00250025 0.00186803|23.4179}[n 345150 345152 0 1 6.79965e-10 6.79965e-10|1.81324e-06 -1.8791e-15 -9.3955e-16 -9.06619e-07|-2.23857e-12] [n 345151 345152 0 2 -1.88438e-11 -1.88438e-11|-1.55488e-06 -1.73841e-06 1.87271e-08 -1.675e-08|-2.87942e-12] [g 345152 345152 1 2 -1.60048e-11 -1.60048e-11|2.0782e-06 -2.3235e-06 1.59057e-08 1.42265e-08|-3.84852e-12] 
{0 0.00150027 0.00075|-23.4179}{1 2.68154e-07 0.00075|-23.4179}{2 0.00250027 0.00186803|23.4179}[n 345153 345155 0 1 6.79965e-10 6.79965e-10|1.81324e-06 -1.8791e-15 -9.39551e-16 -9.0662e-07|-2.23857e-12] [n 345154 345155 0 2 -1.88436e-11 -1.88436e-11|-1.55488e-06 -1.73841e-06 1.87269e-08 -1.67498e-08|-2.87942e-12] [g 345155 345155 1 2 -1.60051e-11 -1.60051e-11|2.0782e-06 -2.3235e-06 1.5906e-08 1.42267e-08|-3.84852e-12] 
{0 0.00150029 0.00075|-23.4179}{1 2.85718e-07 0.00075|-23.4179}{2 0.00250029 0.00186803|23.4179}[n 345156 345158 0 1 6.79965e-10 6.79965e-10|1.81324e-06 -1.8791e-15 -9.39551e-16 -9.0662e-07|-2.23857e-12] [n 345157 345158 0 2 -1.88433e-11 -1.88433e-11|-1.55488e-06 -1.73841e-06 1.87267e-08 -1.67496e-08|-2.87942e-12] [g 345158 345158 1 2 -1.60053e-11 -1.60053e-11|2.0782e-06 -2.3235e-06 1.59062e-08 1.42269e-08|-3.84852e-12] 
{0 0.0015003 0.00075|-23.4178}{1 3.03281e-07 0.00075|-23.4178}{2 0.0025003 0.00186803|23.4178}[n 345159 345161 0 1 6.79965e-10 6.79965e-10|1.81324e-06 -1.8791e-15 -9.39552e-16 -9.06621e-07|-2.23857e-12] [n 345160 345161 0 2 -1.88431e-11 -1.88431e-11|-1.55488e-06 -1.73841e-06 1.87264e-08 -1.67494e-08|-2.87942e-12] [g 345161 345161 1 2 -1.60055e-11 -1.60055e-11|2.0782e-06 -2.3235e-06 1.59064e-08 1.42272e-08|-3.84852e-12] 
{0 0.00150032 0.00075|-23.4178}{1 3.20844e-07 0.00075|-23.4178}{2 0.00250032 0.00186803|23.4178}[n 345162 345164 0 1 6.79966e-10 6.79966e-10|1.81324e-06 -1.8791e-15 -9.39552e-16 -9.06621e-07|-2.23857e-12] [n 345163 345164 0 2 -1.88429e-11 -1.88429e-11|-1.55489e-06 -1.73841e-06 1.87262e-08 -1.67492e-08|-2.87942e-12] [g 345164 345164 1 2 -1.60058e-11 -1.60058e-11|2.0782e-06 -2.3235e-06 1.59067e-08 1.42274e-08|-3.84852e-12] 
{0 0.00150034 0.00075|-23.4177}{1 3.38408e-07 0.00075|-23.4177}{2 0.00250034 0.00186803|23.4177}[n 345165 345167 0 1 6.79966e-10 6.79966e-10|1.81324e-06 -1.87911e-15 -9.39553e-16 -9.06621e-07|-2.23857e-12] [n 345166 345167 0 2 -1.88427e-11 -1.88427e-11|-1.55489e-06 -1.73841e-06 1.8726e-08 -1.6749e-08|-2.87942e-12] [g 345167 345167 1 2 -1.6006e-11 -1.6006e-11|2.0782e-06 -2.3235e-06 1.59069e-08 1.42276e-08|-3.84852e-12] 
{0 0.00150036 0.00075|-23.4177}{1 3.55971e-07 0.00075|-23.4177}{2 0.00250036 0.00186803|23.4177}[n 345168 345170 0 1 6.79966e-10 6.79966e-10|1.81324e-06 -1.87911e-15 -9.39554e-16 -9.06622e-07|-2.23857e-12] [n 345169 345170 0 2 -1.88424e-11 -1.88424e-11|-1.55489e-06 -1.73842e-06 1.87258e-08 -1.67488e-08|-2.87942e-12] [g 345170 345170 1 2 -1.60063e-11 -1.60063e-11|2.0782e-06 -2.3235e-06 1.59072e-08 1.42278e-08|-3.84852e-12] 
{0 0.00150037 0.00075|-23.4177}{1 3.73534e-07 0.00075|-23.4177}{2 0.00250037 0.00186803|23.4177}[n 345171 345173 0 1 6.79967e-10 6.79967e-10|1.81324e-06 -1.87911e-15 -9.39555e-16 -9.06622e-07|-2.23857e-12] [n 345172 345173 0 2 -1.88423e-11 -1.88423e-11|-1.55489e-06 -1.73841e-06 1.87256e-08 -1.67487e-08|-2.87942e-12] [g 345173 345173 1 2 -1.60066e-11 -1.60066e-11|2.0782e-06 -2.3235e-06 1.59075e-08 1.42281e-08|-3.84852e-12] 
{0 0.00150039 0.00075|-23.4176}{1 3.91097e-07 0.00075|-23.4176}{2 0.00250039 0.00186803|23.4176}[n 345174 345176 0 1 6.79967e-10 6.79967e-10|1.81324e-06 -1.87911e-15 -9.39556e-16 -9.06622e-07|-2.23857e-12] [n 345175 345176 0 2 -1.88421e-11 -1.88421e-11|-1.55489e-06 -1.73841e-06 1.87254e-08 -1.67485e-08|-2.87942e-12] [g 345176 345176 1 2 -1.60069e-11 -1.60069e-11|2.0782e-06 -2.3235e-06 1.59078e-08 1.42283e-08|-3.84852e-12] 
{0 0.00150041 0.00075|-23.4176}{1 4.08661e-07 0.00075|-23.4176}{2 0.00250041 0.00186803|23.4176}[n 345177 345179 0 1 6.79967e-10 6.79967e-10|1.81325e-06 -1.87911e-15 -9.39557e-16 -9.06623e-07|-2.23857e-12] [n 345178 345179 0 2 -1.88419e-11 -1.88419e-11|-1.55489e-06 -1.73841e-06 1.87253e-08 -1.67484e-08|-2.87942e-12] [g 345179 345179 1 2 -1.60071e-11 -1.60071e-11|2.0782e-06 -2.3235e-06 1.5908e-08 1.42286e-08|-3.84852e-12] 
{0 0.00150043 0.00075|-23.4176}{1 4.26224e-07 0.00075|-23.4176}{2 0.00250043 0.00186803|23.4176}[n 345180 345182 0 1 6.79967e-10 6.79967e-10|1.81325e-06 -1.87912e-15 -9.39558e-16 -9.06623e-07|-2.23858e-12] [n 345181 345182 0 2 -1.88417e-11 -1.88417e-11|-1.55489e-06 -1.73841e-06 1.87251e-08 -1.67482e-08|-2.87942e-12] [g 345182 345182 1 2 -1.60074e-11 -1.60074e-11|2.0782e-06 -2.3235e-06 1.59083e-08 1.42288e-08|-3.84852e-12] 
{0 0.00150044 0.00075|-23.4175}{1 4.43787e-07 0.00075|-23.4175}{2 0.00250044 0.00186803|23.4175}[n 345183 345185 0 1 6.79968e-10 6.79968e-10|1.81325e-06 -1.87912e-15 -9.39559e-16 -9.06623e-07|-2.23858e-12] [n 345184 345185 0 2 -1.88415e-11 -1.88415e-11|-1.55489e-06 -1.73841e-06 1.87248e-08 -1.6748e-08|-2.87942e-12] [g 345185 345185 1 2 -1.60077e-11 -1.60077e-11|2.0782e-06 -2.3235e-06 1.59085e-08 1.4229e-08|-3.84852e-12] 
{0 0.00150046 0.00075|-23.4175}{1 4.6135e-07 0.00075|-23.4175}{2 0.00250046 0.00186803|23.4175}[n 345186 345188 0 1 6.79968e-10 6.79968e-10|1.81325e-06 -1.87912e-15 -9.3956e-16 -9.06624e-07|-2.23858e-12] [n 345187 345188 0 2 -1.88413e-11 -1.88413e-11|-1.55489e-06 -1.73842e-06 1.87246e-08 -1.67478e-08|-2.87942e-12] [g 345188 345188 1 2 -1.60079e-11 -1.60079e-11|2.0782e-06 -2.3235e-06 1.59088e-08 1.42292e-08|-3.84852e-12] 
{0 0.00150048 0.00075|-23.4175}{1 4.78913e-07 0.00075|-23.4175}{2 0.00250048 0.00186803|23.4175}[n 345189 345191 0 1 6.79968e-10 6.79968e-10|1.81325e-06 -1.87912e-15 -9.3956e-16 -9.06624e-07|-2.23858e-12] [n 345190 345191 0 2 -1.8841e-11 -1.8841e-11|-1.55489e-06 -1.73842e-06 1.87243e-08 -1.67476e-08|-2.87942e-12] [g 345191 345191 1 2 -1.60081e-11 -1.60081e-11|2.0782e-06 -2.3235e-06 1.5909e-08 1.42294e-08|-3.84852e-12] 
{0 0.0015005 0.00075|-23.4174}{1 4.96476e-07 0.00075|-23.4174}{2 0.0025005 0.00186803|23.4174}[n 345192 345194 0 1 6.79969e-10 6.79969e-10|1.81325e-06 -1.87912e-15 -9.39561e-16 -9.06625e-07|-2.23858e-12] [n 345193 345194 0 2 -1.88408e-11 -1.88408e-11|-1.55489e-06 -1.73842e-06 1.87241e-08 -1.67474e-08|-2.87942e-12] [g 345194 345194 1 2 -1.60084e-11 -1.60084e-11|2.0782e-06 -2.3235e-06 1.59092e-08 1.42297e-08|-3.84852e-12] 
{0 0.00150051 0.00075|-23.4174}{1 5.14039e-07 0.00075|-23.4174}{2 0.00250051 0.00186803|23.4174}[n 345195 345197 0 1 6.79969e-10 6.79969e-10|1.81325e-06 -1.87912e-15 -9.39562e-16 -9.06625e-07|-2.23858e-12] [n 345196 345197 0 2 -1.88406e-11 -1.88406e-11|-1.55489e-06 -1.73842e-06 1.87239e-08 -1.67472e-08|-2.87942e-12] [g 345197 345197 1 2 -1.60086e-11 -1.60086e-11|2.0782e-06 -2.3235e-06 1.59095e-08 1.42299e-08|-3.84852e-12] 
{0 0.00150053 0.00075|-23.4174}{1 5.31603e-07 0.00075|-23.4174}{2 0.00250053 0.00186803|23.4174}[n 345198 345200 0 1 6.79969e-10 6.79969e-10|1.81325e-06 -1.87912e-15 -9.39562e-16 -9.06625e-07|-2.23858e-12] [n 345199 345200 0 2 -1.88404e-11 -1.88404e-11|-1.55489e-06 -1.73842e-06 1.87238e-08 -1.6747e-08|-2.87942e-12] [g 345200 345200 1 2 -1.60089e-11 -1.60089e-11|2.0782e-06 -2.3235e-06 1.59098e-08 1.42301e-08|-3.84853e-12] 
{0 0.00150055 0.00075|-23.4173}{1 5.49166e-07 0.00075|-23.4173}{2 0.00250055 0.00186803|23.4173}[n 345201 345203 0 1 6.79969e-10 6.79969e-10|1.81325e-06 -1.87913e-15 -9.39564e-16 -9.06626e-07|-2.23858e-12] [n 345202 345203 0 2 -1.88402e-11 -1.88402e-11|-1.55489e-06 -1.73842e-06 1.87236e-08 -1.67469e-08|-2.87942e-12] [g 345203 345203 1 2 -1.60092e-11 -1.60092e-11|2.0782e-06 -2.3235e-06 1.59101e-08 1.42304e-08|-3.84853e-12] 
{0 0.00150057 0.00075|-23.4173}{1 5.66728e-07 0.00075|-23.4173}{2 0.00250057 0.00186803|23.4173}[n 345204 345206 0 1 6.79969e-10 6.79969e-10|1.81325e-06 -1.87913e-15 -9.39565e-16 -9.06626e-07|-2.23858e-12] [n 345205 345206 0 2 -1.884e-11 -1.884e-11|-1.55489e-06 -1.73842e-06 1.87234e-08 -1.67467e-08|-2.87942e-12] [g 345206 345206 1 2 -1.60095e-11 -1.60095e-11|2.0782e-06 -2.3235e-06 1.59103e-08 1.42306e-08|-3.84853e-12] 
{0 0.00150058 0.00075|-23.4173}{1 5.84291e-07 0.00075|-23.4173}{2 0.00250058 0.00186803|23.4173}[n 345207 345209 0 1 6.7997e-10 6.7997e-10|1.81325e-06 -1.87913e-15 -9.39566e-16 -9.06626e-07|-2.23858e-12] [n 345208 345209 0 2 -1.88398e-11 -1.88398e-11|-1.55489e-06 -1.73842e-06 1.87232e-08 -1.67465e-08|-2.87942e-12] [g 345209 345209 1 2 -1.60097e-11 -1.60097e-11|2.0782e-06 -2.3235e-06 1.59106e-08 1.42309e-08|-3.84853e-12] 
{0 0.0015006 0.00075|-23.4172}{1 6.01854e-07 0.00075|-23.4172}{2 0.0025006 0.00186803|23.4172}[n 345210 345212 0 1 6.7997e-10 6.7997e-10|1.81325e-06 -1.87913e-15 -9.39567e-16 -9.06627e-07|-2.23858e-12] [n 345211 345212 0 2 -1.88396e-11 -1.88396e-11|-1.55489e-06 -1.73842e-06 1.8723e-08 -1.67463e-08|-2.87942e-12] [g 345212 345212 1 2 -1.601e-11 -1.601e-11|2.07821e-06 -2.3235e-06 1.59108e-08 1.42311e-08|-3.84853e-12] 
{0 0.00150062 0.00075|-23.4172}{1 6.19417e-07 0.00075|-23.4172}{2 0.00250062 0.00186803|23.4172}[n 345213 345215 0 1 6.7997e-10 6.7997e-10|1.81325e-06 -1.87914e-15 -9.39568e-16 -9.06627e-07|-2.23859e-12] [n 345214 345215 0 2 -1.88394e-11 -1.88394e-11|-1.55489e-06 -1.73842e-06 1.87228e-08 -1.67461e-08|-2.87942e-12] [g 345215 345215 1 2 -1.60102e-11 -1.60102e-11|2.07821e-06 -2.3235e-06 1.59111e-08 1.42313e-08|-3.84853e-12] 
{0 0.00150064 0.00075|-23.4172}{1 6.3698e-07 0.00075|-23.4172}{2 0.00250064 0.00186803|23.4172}[n 345216 345218 0 1 6.79971e-10 6.79971e-10|1.81326e-06 -1.87914e-15 -9.39568e-16 -9.06628e-07|-2.23859e-12] [n 345217 345218 0 2 -1.88392e-11 -1.88392e-11|-1.55489e-06 -1.73842e-06 1.87225e-08 -1.6746e-08|-2.87942e-12] [g 345218 345218 1 2 -1.60105e-11 -1.60105e-11|2.07821e-06 -2.3235e-06 1.59113e-08 1.42315e-08|-3.84853e-12] 
{0 0.00150065 0.00075|-23.4171}{1 6.54543e-07 0.00075|-23.4171}{2 0.00250065 0.00186803|23.4171}[n 345219 345221 0 1 6.79971e-10 6.79971e-10|1.81326e-06 -1.87914e-15 -9.39569e-16 -9.06628e-07|-2.23859e-12] [n 345220 345221 0 2 -1.8839e-11 -1.8839e-11|-1.55489e-06 -1.73842e-06 1.87223e-08 -1.67458e-08|-2.87942e-12] [g 345221 345221 1 2 -1.60107e-11 -1.60107e-11|2.07821e-06 -2.3235e-06 1.59116e-08 1.42318e-08|-3.84853e-12] 
{0 0.00150067 0.00075|-23.4171}{1 6.72106e-07 0.00075|-23.4171}{2 0.00250067 0.00186803|23.4171}[n 345222 345224 0 1 6.79971e-10 6.79971e-10|1.81326e-06 -1.87914e-15 -9.3957e-16 -9.06628e-07|-2.23859e-12] [n 345223 345224 0 2 -1.88388e-11 -1.88388e-11|-1.55489e-06 -1.73842e-06 1.87221e-08 -1.67456e-08|-2.87942e-12] [g 345224 345224 1 2 -1.6011e-11 -1.6011e-11|2.07821e-06 -2.3235e-06 1.59119e-08 1.4232e-08|-3.84853e-12] 
{0 0.00150069 0.00075|-23.417}{1 6.89669e-07 0.00075|-23.417}{2 0.00250069 0.00186803|23.417}[n 345225 345227 0 1 6.79971e-10 6.79971e-10|1.81326e-06 -1.87914e-15 -9.3957e-16 -9.06628e-07|-2.23859e-12] [n 345226 345227 0 2 -1.88386e-11 -1.88386e-11|-1.55489e-06 -1.73842e-06 1.87219e-08 -1.67454e-08|-2.87942e-12] [g 345227 345227 1 2 -1.60113e-11 -1.60113e-11|2.07821e-06 -2.3235e-06 1.59121e-08 1.42322e-08|-3.84853e-12] 
{0 0.00150071 0.00075|-23.417}{1 7.07231e-07 0.00075|-23.417}{2 0.00250071 0.00186803|23.417}[n 345228 345230 0 1 6.79972e-10 6.79972e-10|1.81326e-06 -1.87914e-15 -9.39571e-16 -9.06629e-07|-2.23859e-12] [n 345229 345230 0 2 -1.88384e-11 -1.88384e-11|-1.55489e-06 -1.73842e-06 1.87217e-08 -1.67452e-08|-2.87942e-12] [g 345230 345230 1 2 -1.60115e-11 -1.60115e-11|2.07821e-06 -2.32351e-06 1.59124e-08 1.42325e-08|-3.84853e-12] 
{0 0.00150072 0.00075|-23.417}{1 7.24794e-07 0.00075|-23.417}{2 0.00250072 0.00186803|23.417}[n 345231 345233 0 1 6.79972e-10 6.79972e-10|1.81326e-06 -1.87914e-15 -9.39572e-16 -9.06629e-07|-2.23859e-12] [n 345232 345233 0 2 -1.88382e-11 -1.88382e-11|-1.55489e-06 -1.73842e-06 1.87215e-08 -1.6745e-08|-2.87942e-12] [g 345233 345233 1 2 -1.60118e-11 -1.60118e-11|2.07821e-06 -2.32351e-06 1.59126e-08 1.42327e-08|-3.84853e-12] 
{0 0.00150074 0.00075|-23.4169}{1 7.42357e-07 0.00075|-23.4169}{2 0.00250074 0.00186803|23.4169}[n 345234 345236 0 1 6.79972e-10 6.79972e-10|1.81326e-06 -1.87915e-15 -9.39573e-16 -9.0663e-07|-2.23859e-12] [n 345235 345236 0 2 -1.8838e-11 -1.8838e-11|-1.55489e-06 -1.73842e-06 1.87213e-08 -1.67449e-08|-2.87942e-12] [g 345236 345236 1 2 -1.6012e-11 -1.6012e-11|2.07821e-06 -2.32351e-06 1.59129e-08 1.42329e-08|-3.84853e-12] 
{0 0.00150076 0.00075|-23.4169}{1 7.5992e-07 0.00075|-23.4169}{2 0.00250076 0.00186803|23.4169}[n 345237 345239 0 1 6.79973e-10 6.79973e-10|1.81326e-06 -1.87915e-15 -9.39574e-16 -9.0663e-07|-2.23859e-12] [n 345238 345239 0 2 -1.88378e-11 -1.88378e-11|-1.55489e-06 -1.73842e-06 1.87211e-08 -1.67447e-08|-2.87942e-12] [g 345239 345239 1 2 -1.60123e-11 -1.60123e-11|2.07821e-06 -2.32351e-06 1.59131e-08 1.42331e-08|-3.84853e-12] 
{0 0.00150078 0.00075|-23.4169}{1 7.77482e-07 0.00075|-23.4169}{2 0.00250078 0.00186803|23.4169}[n 345240 345242 0 1 6.79973e-10 6.79973e-10|1.81326e-06 -1.87915e-15 -9.39575e-16 -9.0663e-07|-2.23859e-12] [n 345241 345242 0 2 -1.88376e-11 -1.88376e-11|-1.55489e-06 -1.73842e-06 1.87209e-08 -1.67445e-08|-2.87942e-12] [g 345242 345242 1 2 -1.60125e-11 -1.60125e-11|2.07821e-06 -2.32351e-06 1.59134e-08 1.42334e-08|-3.84853e-12] 
{0 0.0015008 0.00075|-23.4168}{1 7.95045e-07 0.00075|-23.4168}{2 0.0025008 0.00186803|23.4168}[n 345243 345245 0 1 6.79973e-10 6.79973e-10|1.81326e-06 -1.87915e-15 -9.39576e-16 -9.06631e-07|-2.23859e-12] [n 345244 345245 0 2 -1.88374e-11 -1.88374e-11|-1.55489e-06 -1.73842e-06 1.87207e-08 -1.67443e-08|-2.87942e-12] [g 345245 345245 1 2 -1.60128e-11 -1.60128e-11|2.07821e-06 -2.32351e-06 1.59137e-08 1.42336e-08|-3.84853e-12] 
{0 0.00150081 0.00075|-23.4168}{1 8.12607e-07 0.00075|-23.4168}{2 0.00250081 0.00186803|23.4168}[n 345246 345248 0 1 6.79973e-10 6.79973e-10|1.81326e-06 -1.87915e-15 -9.39577e-16 -9.06631e-07|-2.2386e-12] [n 345247 345248 0 2 -1.88372e-11 -1.88372e-11|-1.55489e-06 -1.73842e-06 1.87205e-08 -1.67441e-08|-2.87942e-12] [g 345248 345248 1 2 -1.60131e-11 -1.60131e-11|2.07821e-06 -2.32351e-06 1.59139e-08 1.42338e-08|-3.84853e-12] 
{0 0.00150083 0.00075|-23.4168}{1 8.3017e-07 0.00075|-23.4168}{2 0.00250083 0.00186803|23.4168}[n 345249 345251 0 1 6.79974e-10 6.79974e-10|1.81326e-06 -1.87915e-15 -9.39577e-16 -9.06631e-07|-2.2386e-12] [n 345250 345251 0 2 -1.88369e-11 -1.88369e-11|-1.55489e-06 -1.73842e-06 1.87203e-08 -1.67439e-08|-2.87942e-12] [g 345251 345251 1 2 -1.60133e-11 -1.60133e-11|2.07821e-06 -2.32351e-06 1.59142e-08 1.42341e-08|-3.84853e-12] 
{0 0.00150085 0.00075|-23.4167}{1 8.47733e-07 0.00075|-23.4167}{2 0.00250085 0.00186803|23.4167}[n 345252 345254 0 1 6.79974e-10 6.79974e-10|1.81326e-06 -1.87916e-15 -9.39578e-16 -9.06632e-07|-2.2386e-12] [n 345253 345254 0 2 -1.88367e-11 -1.88367e-11|-1.55489e-06 -1.73842e-06 1.87201e-08 -1.67437e-08|-2.87942e-12] [g 345254 345254 1 2 -1.60136e-11 -1.60136e-11|2.07821e-06 -2.32351e-06 1.59144e-08 1.42343e-08|-3.84853e-12] 
{0 0.00150087 0.00075|-23.4167}{1 8.65295e-07 0.00075|-23.4167}{2 0.00250087 0.00186803|23.4167}[n 345255 345257 0 1 6.79974e-10 6.79974e-10|1.81326e-06 -1.87916e-15 -9.39579e-16 -9.06632e-07|-2.2386e-12] [n 345256 345257 0 2 -1.88365e-11 -1.88365e-11|-1.55489e-06 -1.73842e-06 1.87199e-08 -1.67435e-08|-2.87942e-12] [g 345257 345257 1 2 -1.60138e-11 -1.60138e-11|2.07821e-06 -2.32351e-06 1.59147e-08 1.42345e-08|-3.84853e-12] 
{0 0.00150088 0.00075|-23.4167}{1 8.82858e-07 0.00075|-23.4167}{2 0.00250088 0.00186803|23.4167}[n 345258 345260 0 1 6.79975e-10 6.79975e-10|1.81327e-06 -1.87916e-15 -9.3958e-16 -9.06633e-07|-2.2386e-12] [n 345259 345260 0 2 -1.88363e-11 -1.88363e-11|-1.55489e-06 -1.73842e-06 1.87196e-08 -1.67434e-08|-2.87942e-12] [g 345260 345260 1 2 -1.60141e-11 -1.60141e-11|2.07821e-06 -2.32351e-06 1.59149e-08 1.42348e-08|-3.84853e-12] 
{0 0.0015009 0.00075|-23.4166}{1 9.0042e-07 0.00075|-23.4166}{2 0.0025009 0.00186803|23.4166}[n 345261 345263 0 1 6.79975e-10 6.79975e-10|1.81327e-06 -1.87916e-15 -9.39581e-16 -9.06633e-07|-2.2386e-12] [n 345262 345263 0 2 -1.88361e-11 -1.88361e-11|-1.55489e-06 -1.73842e-06 1.87195e-08 -1.67432e-08|-2.87942e-12] [g 345263 345263 1 2 -1.60144e-11 -1.60144e-11|2.07821e-06 -2.32351e-06 1.59152e-08 1.4235e-08|-3.84853e-12] 
{0 0.00150092 0.00075|-23.4166}{1 9.17983e-07 0.00075|-23.4166}{2 0.00250092 0.00186803|23.4166}[n 345264 345266 0 1 6.79975e-10 6.79975e-10|1.81327e-06 -1.87916e-15 -9.39582e-16 -9.06633e-07|-2.2386e-12] [n 345265 345266 0 2 -1.88359e-11 -1.88359e-11|-1.55489e-06 -1.73842e-06 1.87193e-08 -1.6743e-08|-2.87942e-12] [g 345266 345266 1 2 -1.60146e-11 -1.60146e-11|2.07821e-06 -2.32351e-06 1.59155e-08 1.42352e-08|-3.84854e-12] 
{0 0.00150094 0.00075|-23.4166}{1 9.35545e-07 0.00075|-23.4166}{2 0.00250094 0.00186803|23.4166}[n 345267 345269 0 1 6.79975e-10 6.79975e-10|1.81327e-06 -1.87917e-15 -9.39583e-16 -9.06634e-07|-2.2386e-12] [n 345268 345269 0 2 -1.88357e-11 -1.88357e-11|-1.55489e-06 -1.73842e-06 1.87191e-08 -1.67429e-08|-2.87943e-12] [g 345269 345269 1 2 -1.60149e-11 -1.60149e-11|2.07821e-06 -2.32351e-06 1.59157e-08 1.42355e-08|-3.84854e-12] 
{0 0.00150095 0.00075|-23.4165}{1 9.53107e-07 0.00075|-23.4165}{2 0.00250095 0.00186803|23.4165}[n 345270 345272 0 1 6.79975e-10 6.79975e-10|1.81327e-06 -1.87917e-15 -9.39584e-16 -9.06634e-07|-2.2386e-12] [n 345271 345272 0 2 -1.88355e-11 -1.88355e-11|-1.55489e-06 -1.73842e-06 1.87189e-08 -1.67427e-08|-2.87943e-12] [g 345272 345272 1 2 -1.60151e-11 -1.60151e-11|2.07821e-06 -2.32351e-06 1.5916e-08 1.42357e-08|-3.84854e-12] 
{0 0.00150097 0.00075|-23.4165}{1 9.7067e-07 0.00075|-23.4165}{2 0.00250097 0.00186803|23.4165}[n 345273 345275 0 1 6.79976e-10 6.79976e-10|1.81327e-06 -1.87917e-15 -9.39585e-16 -9.06634e-07|-2.2386e-12] [n 345274 345275 0 2 -1.88353e-11 -1.88353e-11|-1.55489e-06 -1.73842e-06 1.87187e-08 -1.67425e-08|-2.87942e-12] [g 345275 345275 1 2 -1.60154e-11 -1.60154e-11|2.07821e-06 -2.32351e-06 1.59162e-08 1.42359e-08|-3.84854e-12] 
{0 0.00150099 0.00075|-23.4165}{1 9.88232e-07 0.00075|-23.4165}{2 0.00250099 0.00186803|23.4165}[n 345276 345278 0 1 6.79976e-10 6.79976e-10|1.81327e-06 -1.87917e-15 -9.39586e-16 -9.06635e-07|-2.2386e-12] [n 345277 345278 0 2 -1.88351e-11 -1.88351e-11|-1.55489e-06 -1.73842e-06 1.87184e-08 -1.67423e-08|-2.87942e-12] [g 345278 345278 1 2 -1.60157e-11 -1.60157e-11|2.07821e-06 -2.32351e-06 1.59165e-08 1.42361e-08|-3.84854e-12] 
{0 0.00150101 0.00075|-23.4164}{1 1.00579e-06 0.00075|-23.4164}{2 0.00250101 0.00186803|23.4164}[n 345279 345281 0 1 6.79976e-10 6.79976e-10|1.81327e-06 -1.87917e-15 -9.39586e-16 -9.06635e-07|-2.23861e-12] [n 345280 345281 0 2 -1.88349e-11 -1.88349e-11|-1.55489e-06 -1.73842e-06 1.87182e-08 -1.67421e-08|-2.87943e-12] [g 345281 345281 1 2 -1.60159e-11 -1.60159e-11|2.07821e-06 -2.32351e-06 1.59168e-08 1.42364e-08|-3.84854e-12] 
{0 0.00150102 0.00075|-23.4164}{1 1.02336e-06 0.00075|-23.4164}{2 0.00250102 0.00186803|23.4164}[n 345282 345284 0 1 6.79977e-10 6.79977e-10|1.81327e-06 -1.87917e-15 -9.39587e-16 -9.06635e-07|-2.23861e-12] [n 345283 345284 0 2 -1.88347e-11 -1.88347e-11|-1.55489e-06 -1.73842e-06 1.8718e-08 -1.67419e-08|-2.87943e-12] [g 345284 345284 1 2 -1.60162e-11 -1.60162e-11|2.07821e-06 -2.32351e-06 1.5917e-08 1.42366e-08|-3.84854e-12] 
{0 0.00150104 0.00075|-23.4163}{1 1.04092e-06 0.00075|-23.4163}{2 0.00250104 0.00186803|23.4163}[n 345285 345287 0 1 6.79977e-10 6.79977e-10|1.81327e-06 -1.87918e-15 -9.39588e-16 -9.06636e-07|-2.23861e-12] [n 345286 345287 0 2 -1.88345e-11 -1.88345e-11|-1.55489e-06 -1.73842e-06 1.87178e-08 -1.67417e-08|-2.87943e-12] [g 345287 345287 1 2 -1.60164e-11 -1.60164e-11|2.07821e-06 -2.32351e-06 1.59173e-08 1.42368e-08|-3.84854e-12] 
{0 0.00150106 0.00075|-23.4163}{1 1.05848e-06 0.00075|-23.4163}{2 0.00250106 0.00186803|23.4163}[n 345288 345290 0 1 6.79977e-10 6.79977e-10|1.81327e-06 -1.87918e-15 -9.39588e-16 -9.06636e-07|-2.23861e-12] [n 345289 345290 0 2 -1.88343e-11 -1.88343e-11|-1.55489e-06 -1.73842e-06 1.87176e-08 -1.67416e-08|-2.87943e-12] [g 345290 345290 1 2 -1.60167e-11 -1.60167e-11|2.07821e-06 -2.32351e-06 1.59175e-08 1.42371e-08|-3.84854e-12] 
{0 0.00150108 0.00075|-23.4163}{1 1.07604e-06 0.00075|-23.4163}{2 0.00250108 0.00186803|23.4163}[n 345291 345293 0 1 6.79977e-10 6.79977e-10|1.81327e-06 -1.87918e-15 -9.39589e-16 -9.06636e-07|-2.23861e-12] [n 345292 345293 0 2 -1.88341e-11 -1.88341e-11|-1.55489e-06 -1.73842e-06 1.87174e-08 -1.67414e-08|-2.87943e-12] [g 345293 345293 1 2 -1.60169e-11 -1.60169e-11|2.07821e-06 -2.32351e-06 1.59178e-08 1.42373e-08|-3.84854e-12] 
{0 0.00150109 0.00075|-23.4162}{1 1.09361e-06 0.00075|-23.4162}{2 0.00250109 0.00186803|23.4162}[n 345294 345296 0 1 6.79978e-10 6.79978e-10|1.81327e-06 -1.87918e-15 -9.3959e-16 -9.06637e-07|-2.23861e-12] [n 345295 345296 0 2 -1.88338e-11 -1.88338e-11|-1.55489e-06 -1.73842e-06 1.87172e-08 -1.67412e-08|-2.87943e-12] [g 345296 345296 1 2 -1.60172e-11 -1.60172e-11|2.07821e-06 -2.32351e-06 1.5918e-08 1.42375e-08|-3.84854e-12] 
{0 0.00150111 0.00075|-23.4162}{1 1.11117e-06 0.00075|-23.4162}{2 0.00250111 0.00186803|23.4162}[n 345297 345299 0 1 6.79978e-10 6.79978e-10|1.81327e-06 -1.87918e-15 -9.39591e-16 -9.06637e-07|-2.23861e-12] [n 345298 345299 0 2 -1.88336e-11 -1.88336e-11|-1.55489e-06 -1.73842e-06 1.8717e-08 -1.6741e-08|-2.87943e-12] [g 345299 345299 1 2 -1.60174e-11 -1.60174e-11|2.07821e-06 -2.32351e-06 1.59182e-08 1.42377e-08|-3.84854e-12] 
{0 0.00150113 0.00075|-23.4162}{1 1.12873e-06 0.00075|-23.4162}{2 0.00250113 0.00186803|23.4162}[n 345300 345302 0 1 6.79978e-10 6.79978e-10|1.81328e-06 -1.87918e-15 -9.39592e-16 -9.06638e-07|-2.23861e-12] [n 345301 345302 0 2 -1.88334e-11 -1.88334e-11|-1.55489e-06 -1.73842e-06 1.87168e-08 -1.67408e-08|-2.87943e-12] [g 345302 345302 1 2 -1.60177e-11 -1.60177e-11|2.07821e-06 -2.32351e-06 1.59185e-08 1.42379e-08|-3.84854e-12] 
{0 0.00150115 0.00075|-23.4161}{1 1.14629e-06 0.00075|-23.4161}{2 0.00250115 0.00186803|23.4161}[n 345303 345305 0 1 6.79979e-10 6.79979e-10|1.81328e-06 -1.87919e-15 -9.39593e-16 -9.06638e-07|-2.23861e-12] [n 345304 345305 0 2 -1.88332e-11 -1.88332e-11|-1.55489e-06 -1.73842e-06 1.87166e-08 -1.67406e-08|-2.87943e-12] [g 345305 345305 1 2 -1.60179e-11 -1.60179e-11|2.07821e-06 -2.32351e-06 1.59187e-08 1.42381e-08|-3.84854e-12] 
{0 0.00150116 0.00075|-23.4161}{1 1.16385e-06 0.00075|-23.4161}{2 0.00250116 0.00186803|23.4161}[n 345306 345308 0 1 6.79979e-10 6.79979e-10|1.81328e-06 -1.87919e-15 -9.39594e-16 -9.06639e-07|-2.23861e-12] [n 345307 345308 0 2 -1.8833e-11 -1.8833e-11|-1.55489e-06 -1.73842e-06 1.87164e-08 -1.67404e-08|-2.87943e-12] [g 345308 345308 1 2 -1.60182e-11 -1.60182e-11|2.07821e-06 -2.32351e-06 1.5919e-08 1.42384e-08|-3.84854e-12] 
{0 0.00150118 0.00075|-23.4161}{1 1.18142e-06 0.00075|-23.4161}{2 0.00250118 0.00186803|23.4161}[n 345309 345311 0 1 6.79979e-10 6.79979e-10|1.81328e-06 -1.87919e-15 -9.39595e-16 -9.06639e-07|-2.23861e-12] [n 345310 345311 0 2 -1.88328e-11 -1.88328e-11|-1.55489e-06 -1.73842e-06 1.87162e-08 -1.67403e-08|-2.87943e-12] [g 345311 345311 1 2 -1.60185e-11 -1.60185e-11|2.07821e-06 -2.32351e-06 1.59193e-08 1.42386e-08|-3.84854e-12] 
{0 0.0015012 0.00075|-23.416}{1 1.19898e-06 0.00075|-23.416}{2 0.0025012 0.00186803|23.416}[n 345312 345314 0 1 6.79979e-10 6.79979e-10|1.81328e-06 -1.87919e-15 -9.39595e-16 -9.06639e-07|-2.23861e-12] [n 345313 345314 0 2 -1.88326e-11 -1.88326e-11|-1.55489e-06 -1.73842e-06 1.8716e-08 -1.67401e-08|-2.87943e-12] [g 345314 345314 1 2 -1.60187e-11 -1.60187e-11|2.07821e-06 -2.32351e-06 1.59196e-08 1.42389e-08|-3.84854e-12] 
{0 0.00150122 0.00075|-23.416}{1 1.21654e-06 0.00075|-23.416}{2 0.00250122 0.00186803|23.416}[n 345315 345317 0 1 6.79979e-10 6.79979e-10|1.81328e-06 -1.87919e-15 -9.39596e-16 -9.06639e-07|-2.23862e-12] [n 345316 345317 0 2 -1.88324e-11 -1.88324e-11|-1.55489e-06 -1.73842e-06 1.87158e-08 -1.67399e-08|-2.87943e-12] [g 345317 345317 1 2 -1.6019e-11 -1.6019e-11|2.07821e-06 -2.32351e-06 1.59198e-08 1.42391e-08|-3.84854e-12] 
{0 0.00150123 0.00075|-23.416}{1 1.2341e-06 0.00075|-23.416}{2 0.00250123 0.00186803|23.416}[n 345318 345320 0 1 6.7998e-10 6.7998e-10|1.81328e-06 -1.87919e-15 -9.39597e-16 -9.0664e-07|-2.23862e-12] [n 345319 345320 0 2 -1.88322e-11 -1.88322e-11|-1.55489e-06 -1.73842e-06 1.87156e-08 -1.67397e-08|-2.87943e-12] [g 345320 345320 1 2 -1.60193e-11 -1.60193e-11|2.07821e-06 -2.32351e-06 1.59201e-08 1.42394e-08|-3.84854e-12] 
{0 0.00150125 0.00075|-23.4159}{1 1.25166e-06 0.00075|-23.4159}{2 0.00250125 0.00186803|23.4159}[n 345321 345323 0 1 6.7998e-10 6.7998e-10|1.81328e-06 -1.8792e-15 -9.39598e-16 -9.0664e-07|-2.23862e-12] [n 345322 345323 0 2 -1.88319e-11 -1.88319e-11|-1.55489e-06 -1.73842e-06 1.87153e-08 -1.67395e-08|-2.87943e-12] [g 345323 345323 1 2 -1.60195e-11 -1.60195e-11|2.07821e-06 -2.32351e-06 1.59203e-08 1.42396e-08|-3.84854e-12] 
{0 0.00150127 0.00075|-23.4159}{1 1.26923e-06 0.00075|-23.4159}{2 0.00250127 0.00186803|23.4159}[n 345324 345326 0 1 6.7998e-10 6.7998e-10|1.81328e-06 -1.8792e-15 -9.39599e-16 -9.06641e-07|-2.23862e-12] [n 345325 345326 0 2 -1.88317e-11 -1.88317e-11|-1.55489e-06 -1.73842e-06 1.87151e-08 -1.67393e-08|-2.87943e-12] [g 345326 345326 1 2 -1.60198e-11 -1.60198e-11|2.07821e-06 -2.32351e-06 1.59206e-08 1.42398e-08|-3.84854e-12] 
{0 0.00150129 0.00075|-23.4159}{1 1.28679e-06 0.00075|-23.4159}{2 0.00250129 0.00186803|23.4159}[n 345327 345329 0 1 6.79981e-10 6.79981e-10|1.81328e-06 -1.8792e-15 -9.396e-16 -9.06641e-07|-2.23862e-12] [n 345328 345329 0 2 -1.88315e-11 -1.88315e-11|-1.55489e-06 -1.73842e-06 1.87149e-08 -1.67391e-08|-2.87943e-12] [g 345329 345329 1 2 -1.60201e-11 -1.60201e-11|2.07821e-06 -2.32351e-06 1.59209e-08 1.42401e-08|-3.84855e-12] 
{0 0.0015013 0.00075|-23.4158}{1 1.30435e-06 0.00075|-23.4158}{2 0.0025013 0.00186803|23.4158}[n 345330 345332 0 1 6.79981e-10 6.79981e-10|1.81328e-06 -1.8792e-15 -9.39601e-16 -9.06641e-07|-2.23862e-12] [n 345331 345332 0 2 -1.88313e-11 -1.88313e-11|-1.55489e-06 -1.73842e-06 1.87147e-08 -1.6739e-08|-2.87943e-12] [g 345332 345332 1 2 -1.60203e-11 -1.60203e-11|2.07821e-06 -2.32351e-06 1.59211e-08 1.42403e-08|-3.84855e-12] 
{0 0.00150132 0.00075|-23.4158}{1 1.32191e-06 0.00075|-23.4158}{2 0.00250132 0.00186803|23.4158}[n 345333 345335 0 1 6.79981e-10 6.79981e-10|1.81328e-06 -1.8792e-15 -9.39602e-16 -9.06642e-07|-2.23862e-12] [n 345334 345335 0 2 -1.88311e-11 -1.88311e-11|-1.55489e-06 -1.73842e-06 1.87145e-08 -1.67388e-08|-2.87943e-12] [g 345335 345335 1 2 -1.60206e-11 -1.60206e-11|2.07822e-06 -2.32352e-06 1.59214e-08 1.42405e-08|-3.84855e-12] 
{0 0.00150134 0.00075|-23.4157}{1 1.33947e-06 0.00075|-23.4157}{2 0.00250134 0.00186803|23.4157}[n 345336 345338 0 1 6.79981e-10 6.79981e-10|1.81328e-06 -1.8792e-15 -9.39602e-16 -9.06642e-07|-2.23862e-12] [n 345337 345338 0 2 -1.88309e-11 -1.88309e-11|-1.55489e-06 -1.73842e-06 1.87143e-08 -1.67386e-08|-2.87943e-12] [g 345338 345338 1 2 -1.60208e-11 -1.60208e-11|2.07822e-06 -2.32352e-06 1.59216e-08 1.42407e-08|-3.84855e-12] 
{0 0.00150136 0.00075|-23.4157}{1 1.35704e-06 0.00075|-23.4157}{2 0.00250136 0.00186803|23.4157}[n 345339 345341 0 1 6.79982e-10 6.79982e-10|1.81328e-06 -1.87921e-15 -9.39603e-16 -9.06642e-07|-2.23862e-12] [n 345340 345341 0 2 -1.88307e-11 -1.88307e-11|-1.55489e-06 -1.73842e-06 1.87141e-08 -1.67384e-08|-2.87943e-12] [g 345341 345341 1 2 -1.60211e-11 -1.60211e-11|2.07822e-06 -2.32352e-06 1.59219e-08 1.42409e-08|-3.84855e-12] 
{0 0.00150137 0.00075|-23.4157}{1 1.3746e-06 0.00075|-23.4157}{2 0.00250137 0.00186803|23.4157}[n 345342 345344 0 1 6.79982e-10 6.79982e-10|1.81329e-06 -1.87921e-15 -9.39604e-16 -9.06643e-07|-2.23862e-12] [n 345343 345344 0 2 -1.88305e-11 -1.88305e-11|-1.55489e-06 -1.73842e-06 1.87139e-08 -1.67383e-08|-2.87943e-12] [g 345344 345344 1 2 -1.60213e-11 -1.60213e-11|2.07822e-06 -2.32352e-06 1.59221e-08 1.42411e-08|-3.84855e-12] 
{0 0.00150139 0.00075|-23.4156}{1 1.39216e-06 0.00075|-23.4156}{2 0.00250139 0.00186803|23.4156}[n 345345 345347 0 1 6.79982e-10 6.79982e-10|1.81329e-06 -1.87921e-15 -9.39604e-16 -9.06643e-07|-2.23862e-12] [n 345346 345347 0 2 -1.88303e-11 -1.88303e-11|-1.55489e-06 -1.73842e-06 1.87137e-08 -1.67381e-08|-2.87943e-12] [g 345347 345347 1 2 -1.60215e-11 -1.60215e-11|2.07822e-06 -2.32352e-06 1.59223e-08 1.42414e-08|-3.84855e-12] 
{0 0.00150141 0.00075|-23.4156}{1 1.40972e-06 0.00075|-23.4156}{2 0.00250141 0.00186803|23.4156}[n 345348 345350 0 1 6.79983e-10 6.79983e-10|1.81329e-06 -1.87921e-15 -9.39605e-16 -9.06644e-07|-2.23863e-12] [n 345349 345350 0 2 -1.88301e-11 -1.88301e-11|-1.55489e-06 -1.73842e-06 1.87135e-08 -1.67379e-08|-2.87943e-12] [g 345350 345350 1 2 -1.60218e-11 -1.60218e-11|2.07822e-06 -2.32352e-06 1.59226e-08 1.42416e-08|-3.84855e-12] 
{0 0.00150143 0.00075|-23.4156}{1 1.42728e-06 0.00075|-23.4156}{2 0.00250143 0.00186803|23.4156}[n 345351 345353 0 1 6.79983e-10 6.79983e-10|1.81329e-06 -1.87921e-15 -9.39606e-16 -9.06644e-07|-2.23863e-12] [n 345352 345353 0 2 -1.88299e-11 -1.88299e-11|-1.55489e-06 -1.73842e-06 1.87133e-08 -1.67377e-08|-2.87943e-12] [g 345353 345353 1 2 -1.60221e-11 -1.60221e-11|2.07822e-06 -2.32352e-06 1.59229e-08 1.42418e-08|-3.84855e-12] 
{0 0.00150144 0.00075|-23.4155}{1 1.44484e-06 0.00075|-23.4155}{2 0.00250144 0.00186803|23.4155}[n 345354 345356 0 1 6.79983e-10 6.79983e-10|1.81329e-06 -1.87921e-15 -9.39607e-16 -9.06644e-07|-2.23863e-12] [n 345355 345356 0 2 -1.88297e-11 -1.88297e-11|-1.55489e-06 -1.73842e-06 1.87131e-08 -1.67375e-08|-2.87943e-12] [g 345356 345356 1 2 -1.60224e-11 -1.60224e-11|2.07822e-06 -2.32352e-06 1.59232e-08 1.42421e-08|-3.84855e-12] 
{0 0.00150146 0.00075|-23.4155}{1 1.46241e-06 0.00075|-23.4155}{2 0.00250146 0.00186803|23.4155}[n 345357 345359 0 1 6.79983e-10 6.79983e-10|1.81329e-06 -1.87922e-15 -9.39608e-16 -9.06644e-07|-2.23863e-12] [n 345358 345359 0 2 -1.88295e-11 -1.88295e-11|-1.55489e-06 -1.73842e-06 1.8713e-08 -1.67374e-08|-2.87943e-12] [g 345359 345359 1 2 -1.60227e-11 -1.60227e-11|2.07822e-06 -2.32352e-06 1.59235e-08 1.42424e-08|-3.84855e-12] 
{0 0.00150148 0.00075|-23.4155}{1 1.47997e-06 0.00075|-23.4155}{2 0.00250148 0.00186803|23.4155}[n 345360 345362 0 1 6.79984e-10 6.79984e-10|1.81329e-06 -1.87922e-15 -9.39609e-16 -9.06645e-07|-2.23863e-12] [n 345361 345362 0 2 -1.88293e-11 -1.88293e-11|-1.55489e-06 -1.73842e-06 1.87127e-08 -1.67372e-08|-2.87943e-12] [g 345362 345362 1 2 -1.60229e-11 -1.60229e-11|2.07822e-06 -2.32352e-06 1.59237e-08 1.42426e-08|-3.84855e-12] 
{0 0.0015015 0.00075|-23.4154}{1 1.49753e-06 0.00075|-23.4154}{2 0.0025015 0.00186803|23.4154}[n 345363 345365 0 1 6.79984e-10 6.79984e-10|1.81329e-06 -1.87922e-15 -9.3961e-16 -9.06645e-07|-2.23863e-12] [n 345364 345365 0 2 -1.88291e-11 -1.88291e-11|-1.55489e-06 -1.73842e-06 1.87125e-08 -1.6737e-08|-2.87943e-12] [g 345365 345365 1 2 -1.60232e-11 -1.60232e-11|2.07822e-06 -2.32352e-06 1.5924e-08 1.42428e-08|-3.84855e-12] 
{0 0.00150152 0.00075|-23.4154}{1 1.51509e-06 0.00075|-23.4154}{2 0.00250152 0.00186803|23.4154}[n 345366 345368 0 1 6.79984e-10 6.79984e-10|1.81329e-06 -1.87922e-15 -9.39611e-16 -9.06646e-07|-2.23863e-12] [n 345367 345368 0 2 -1.88288e-11 -1.88288e-11|-1.55489e-06 -1.73842e-06 1.87123e-08 -1.67368e-08|-2.87943e-12] [g 345368 345368 1 2 -1.60234e-11 -1.60234e-11|2.07822e-06 -2.32352e-06 1.59242e-08 1.42431e-08|-3.84855e-12] 
{0 0.00150153 0.00075|-23.4154}{1 1.53265e-06 0.00075|-23.4154}{2 0.00250153 0.00186803|23.4154}[n 345369 345371 0 1 6.79985e-10 6.79985e-10|1.81329e-06 -1.87922e-15 -9.39612e-16 -9.06646e-07|-2.23863e-12] [n 345370 345371 0 2 -1.88286e-11 -1.88286e-11|-1.55489e-06 -1.73842e-06 1.8712e-08 -1.67366e-08|-2.87943e-12] [g 345371 345371 1 2 -1.60237e-11 -1.60237e-11|2.07822e-06 -2.32352e-06 1.59244e-08 1.42433e-08|-3.84855e-12] 
{0 0.00150155 0.00075|-23.4153}{1 1.55021e-06 0.00075|-23.4153}{2 0.00250155 0.00186803|23.4153}[n 345372 345374 0 1 6.79985e-10 6.79985e-10|1.81329e-06 -1.87923e-15 -9.39613e-16 -9.06646e-07|-2.23863e-12] [n 345373 345374 0 2 -1.88284e-11 -1.88284e-11|-1.55489e-06 -1.73842e-06 1.87118e-08 -1.67364e-08|-2.87943e-12] [g 345374 345374 1 2 -1.60239e-11 -1.60239e-11|2.07822e-06 -2.32352e-06 1.59247e-08 1.42435e-08|-3.84855e-12] 
{0 0.00150157 0.00075|-23.4153}{1 1.56778e-06 0.00075|-23.4153}{2 0.00250157 0.00186803|23.4153}[n 345375 345377 0 1 6.79985e-10 6.79985e-10|1.81329e-06 -1.87923e-15 -9.39613e-16 -9.06647e-07|-2.23863e-12] [n 345376 345377 0 2 -1.88283e-11 -1.88283e-11|-1.55489e-06 -1.73842e-06 1.87117e-08 -1.67362e-08|-2.87943e-12] [g 345377 345377 1 2 -1.60242e-11 -1.60242e-11|2.07822e-06 -2.32352e-06 1.5925e-08 1.42437e-08|-3.84855e-12] 
{0 0.00150159 0.00075|-23.4153}{1 1.58534e-06 0.00075|-23.4153}{2 0.00250159 0.00186803|23.4153}[n 345378 345380 0 1 6.79985e-10 6.79985e-10|1.81329e-06 -1.87923e-15 -9.39614e-16 -9.06647e-07|-2.23863e-12] [n 345379 345380 0 2 -1.88281e-11 -1.88281e-11|-1.55489e-06 -1.73842e-06 1.87115e-08 -1.67361e-08|-2.87943e-12] [g 345380 345380 1 2 -1.60244e-11 -1.60244e-11|2.07822e-06 -2.32352e-06 1.59252e-08 1.4244e-08|-3.84855e-12] 
{0 0.0015016 0.00075|-23.4152}{1 1.6029e-06 0.00075|-23.4152}{2 0.0025016 0.00186803|23.4152}[n 345381 345383 0 1 6.79986e-10 6.79986e-10|1.81329e-06 -1.87923e-15 -9.39615e-16 -9.06647e-07|-2.23864e-12] [n 345382 345383 0 2 -1.88279e-11 -1.88279e-11|-1.55489e-06 -1.73842e-06 1.87113e-08 -1.67359e-08|-2.87943e-12] [g 345383 345383 1 2 -1.60247e-11 -1.60247e-11|2.07822e-06 -2.32352e-06 1.59255e-08 1.42442e-08|-3.84855e-12] 
{0 0.00150162 0.00075|-23.4152}{1 1.62046e-06 0.00075|-23.4152}{2 0.00250162 0.00186803|23.4152}[n 345384 345386 0 1 6.79986e-10 6.79986e-10|1.8133e-06 -1.87923e-15 -9.39616e-16 -9.06648e-07|-2.23864e-12] [n 345385 345386 0 2 -1.88277e-11 -1.88277e-11|-1.55489e-06 -1.73842e-06 1.87111e-08 -1.67357e-08|-2.87943e-12] [g 345386 345386 1 2 -1.6025e-11 -1.6025e-11|2.07822e-06 -2.32352e-06 1.59258e-08 1.42444e-08|-3.84855e-12] 
{0 0.00150164 0.00075|-23.4152}{1 1.63802e-06 0.00075|-23.4152}{2 0.00250164 0.00186803|23.4152}[n 345387 345389 0 1 6.79986e-10 6.79986e-10|1.8133e-06 -1.87923e-15 -9.39617e-16 -9.06648e-07|-2.23864e-12] [n 345388 345389 0 2 -1.88275e-11 -1.88275e-11|-1.55489e-06 -1.73842e-06 1.87109e-08 -1.67355e-08|-2.87943e-12] [g 345389 345389 1 2 -1.60252e-11 -1.60252e-11|2.07822e-06 -2.32352e-06 1.5926e-08 1.42447e-08|-3.84855e-12] 
{0 0.00150166 0.00075|-23.4151}{1 1.65558e-06 0.00075|-23.4151}{2 0.00250166 0.00186803|23.4151}[n 345390 345392 0 1 6.79986e-10 6.79986e-10|1.8133e-06 -1.87924e-15 -9.39618e-16 -9.06649e-07|-2.23864e-12] [n 345391 345392 0 2 -1.88272e-11 -1.88272e-11|-1.55489e-06 -1.73842e-06 1.87106e-08 -1.67353e-08|-2.87943e-12] [g 345392 345392 1 2 -1.60255e-11 -1.60255e-11|2.07822e-06 -2.32352e-06 1.59263e-08 1.42449e-08|-3.84855e-12] 
{0 0.00150167 0.00075|-23.4151}{1 1.67314e-06 0.00075|-23.4151}{2 0.00250167 0.00186803|23.4151}[n 345393 345395 0 1 6.79987e-10 6.79987e-10|1.8133e-06 -1.87924e-15 -9.39618e-16 -9.06649e-07|-2.23864e-12] [n 345394 345395 0 2 -1.8827e-11 -1.8827e-11|-1.55489e-06 -1.73842e-06 1.87104e-08 -1.67351e-08|-2.87943e-12] [g 345395 345395 1 2 -1.60257e-11 -1.60257e-11|2.07822e-06 -2.32352e-06 1.59265e-08 1.42451e-08|-3.84856e-12] 
{0 0.00150169 0.00075|-23.415}{1 1.6907e-06 0.00075|-23.415}{2 0.00250169 0.00186803|23.415}[n 345396 345398 0 1 6.79987e-10 6.79987e-10|1.8133e-06 -1.87924e-15 -9.39619e-16 -9.06649e-07|-2.23864e-12] [n 345397 345398 0 2 -1.88268e-11 -1.88268e-11|-1.55489e-06 -1.73843e-06 1.87102e-08 -1.67349e-08|-2.87943e-12] [g 345398 345398 1 2 -1.6026e-11 -1.6026e-11|2.07822e-06 -2.32352e-06 1.59267e-08 1.42453e-08|-3.84856e-12] 
{0 0.00150171 0.00075|-23.415}{1 1.70827e-06 0.00075|-23.415}{2 0.00250171 0.00186803|23.415}[n 345399 345401 0 1 6.79987e-10 6.79987e-10|1.8133e-06 -1.87924e-15 -9.39619e-16 -9.0665e-07|-2.23864e-12] [n 345400 345401 0 2 -1.88266e-11 -1.88266e-11|-1.5549e-06 -1.73843e-06 1.871e-08 -1.67347e-08|-2.87944e-12] [g 345401 345401 1 2 -1.60262e-11 -1.60262e-11|2.07822e-06 -2.32352e-06 1.5927e-08 1.42455e-08|-3.84856e-12] 
{0 0.00150173 0.00075|-23.415}{1 1.72583e-06 0.00075|-23.415}{2 0.00250173 0.00186803|23.415}[n 345402 345404 0 1 6.79987e-10 6.79987e-10|1.8133e-06 -1.87924e-15 -9.3962e-16 -9.0665e-07|-2.23864e-12] [n 345403 345404 0 2 -1.88264e-11 -1.88264e-11|-1.5549e-06 -1.73843e-06 1.87098e-08 -1.67345e-08|-2.87944e-12] [g 345404 345404 1 2 -1.60265e-11 -1.60265e-11|2.07822e-06 -2.32352e-06 1.59272e-08 1.42458e-08|-3.84856e-12] 
{0 0.00150174 0.00075|-23.4149}{1 1.74339e-06 0.00075|-23.4149}{2 0.00250174 0.00186803|23.4149}[n 345405 345407 0 1 6.79988e-10 6.79988e-10|1.8133e-06 -1.87924e-15 -9.39621e-16 -9.0665e-07|-2.23864e-12] [n 345406 345407 0 2 -1.88262e-11 -1.88262e-11|-1.55489e-06 -1.73843e-06 1.87096e-08 -1.67344e-08|-2.87943e-12] [g 345407 345407 1 2 -1.60267e-11 -1.60267e-11|2.07822e-06 -2.32352e-06 1.59275e-08 1.4246e-08|-3.84856e-12] 
{0 0.00150176 0.00075|-23.4149}{1 1.76095e-06 0.00075|-23.4149}{2 0.00250176 0.00186803|23.4149}[n 345408 345410 0 1 6.79988e-10 6.79988e-10|1.8133e-06 -1.87925e-15 -9.39623e-16 -9.06651e-07|-2.23864e-12] [n 345409 345410 0 2 -1.8826e-11 -1.8826e-11|-1.55489e-06 -1.73843e-06 1.87094e-08 -1.67342e-08|-2.87943e-12] [g 345410 345410 1 2 -1.6027e-11 -1.6027e-11|2.07822e-06 -2.32352e-06 1.59278e-08 1.42462e-08|-3.84856e-12] 
{0 0.00150178 0.00075|-23.4149}{1 1.77851e-06 0.00075|-23.4149}{2 0.00250178 0.00186803|23.4149}[n 345411 345413 0 1 6.79988e-10 6.79988e-10|1.8133e-06 -1.87925e-15 -9.39624e-16 -9.06651e-07|-2.23864e-12] [n 345412 345413 0 2 -1.88258e-11 -1.88258e-11|-1.55489e-06 -1.73843e-06 1.87092e-08 -1.6734e-08|-2.87943e-12] [g 345413 345413 1 2 -1.60272e-11 -1.60272e-11|2.07822e-06 -2.32352e-06 1.5928e-08 1.42464e-08|-3.84856e-12] 
{0 0.0015018 0.00075|-23.4148}{1 1.79607e-06 0.00075|-23.4148}{2 0.0025018 0.00186803|23.4148}[n 345414 345416 0 1 6.79989e-10 6.79989e-10|1.8133e-06 -1.87925e-15 -9.39624e-16 -9.06651e-07|-2.23865e-12] [n 345415 345416 0 2 -1.88256e-11 -1.88256e-11|-1.5549e-06 -1.73843e-06 1.8709e-08 -1.67338e-08|-2.87944e-12] [g 345416 345416 1 2 -1.60275e-11 -1.60275e-11|2.07822e-06 -2.32352e-06 1.59282e-08 1.42467e-08|-3.84856e-12] 
{0 0.00150181 0.00075|-23.4148}{1 1.81363e-06 0.00075|-23.4148}{2 0.00250181 0.00186803|23.4148}[n 345417 345419 0 1 6.79989e-10 6.79989e-10|1.8133e-06 -1.87925e-15 -9.39625e-16 -9.06652e-07|-2.23865e-12] [n 345418 345419 0 2 -1.88253e-11 -1.88253e-11|-1.5549e-06 -1.73843e-06 1.87088e-08 -1.67336e-08|-2.87944e-12] [g 345419 345419 1 2 -1.60277e-11 -1.60277e-11|2.07822e-06 -2.32352e-06 1.59285e-08 1.42469e-08|-3.84856e-12] 
{0 0.00150183 0.00075|-23.4148}{1 1.83119e-06 0.00075|-23.4148}{2 0.00250183 0.00186803|23.4148}[n 345420 345422 0 1 6.79989e-10 6.79989e-10|1.8133e-06 -1.87925e-15 -9.39626e-16 -9.06652e-07|-2.23865e-12] [n 345421 345422 0 2 -1.88251e-11 -1.88251e-11|-1.5549e-06 -1.73843e-06 1.87086e-08 -1.67335e-08|-2.87944e-12] [g 345422 345422 1 2 -1.6028e-11 -1.6028e-11|2.07822e-06 -2.32352e-06 1.59287e-08 1.42471e-08|-3.84856e-12] 
{0 0.00150185 0.00075|-23.4147}{1 1.84876e-06 0.00075|-23.4147}{2 0.00250185 0.00186803|23.4147}[n 345423 345425 0 1 6.79989e-10 6.79989e-10|1.81331e-06 -1.87925e-15 -9.39626e-16 -9.06653e-07|-2.23865e-12] [n 345424 345425 0 2 -1.88249e-11 -1.88249e-11|-1.5549e-06 -1.73843e-06 1.87084e-08 -1.67333e-08|-2.87944e-12] [g 345425 345425 1 2 -1.60283e-11 -1.60283e-11|2.07822e-06 -2.32352e-06 1.5929e-08 1.42473e-08|-3.84856e-12] 
{0 0.00150187 0.00075|-23.4147}{1 1.86632e-06 0.00075|-23.4147}{2 0.00250187 0.00186803|23.4147}[n 345426 345428 0 1 6.7999e-10 6.7999e-10|1.81331e-06 -1.87925e-15 -9.39627e-16 -9.06653e-07|-2.23865e-12] [n 345427 345428 0 2 -1.88248e-11 -1.88248e-11|-1.5549e-06 -1.73843e-06 1.87082e-08 -1.67331e-08|-2.87944e-12] [g 345428 345428 1 2 -1.60285e-11 -1.60285e-11|2.07822e-06 -2.32352e-06 1.59293e-08 1.42476e-08|-3.84856e-12] 
{0 0.00150188 0.00075|-23.4147}{1 1.88388e-06 0.00075|-23.4147}{2 0.00250188 0.00186803|23.4147}[n 345429 345431 0 1 6.7999e-10 6.7999e-10|1.81331e-06 -1.87926e-15 -9.39628e-16 -9.06653e-07|-2.23865e-12] [n 345430 345431 0 2 -1.88246e-11 -1.88246e-11|-1.5549e-06 -1.73843e-06 1.8708e-08 -1.6733e-08|-2.87944e-12] [g 345431 345431 1 2 -1.60288e-11 -1.60288e-11|2.07822e-06 -2.32352e-06 1.59296e-08 1.42478e-08|-3.84856e-12] 
{0 0.0015019 0.00075|-23.4146}{1 1.90144e-06 0.00075|-23.4146}{2 0.0025019 0.00186803|23.4146}[n 345432 345434 0 1 6.7999e-10 6.7999e-10|1.81331e-06 -1.87926e-15 -9.3963e-16 -9.06654e-07|-2.23865e-12] [n 345433 345434 0 2 -1.88244e-11 -1.88244e-11|-1.5549e-06 -1.73843e-06 1.87078e-08 -1.67328e-08|-2.87944e-12] [g 345434 345434 1 2 -1.60291e-11 -1.60291e-11|2.07822e-06 -2.32352e-06 1.59298e-08 1.42481e-08|-3.84856e-12] 
{0 0.00150192 0.00075|-23.4146}{1 1.919e-06 0.00075|-23.4146}{2 0.00250192 0.00186803|23.4146}[n 345435 345437 0 1 6.79991e-10 6.79991e-10|1.81331e-06 -1.87926e-15 -9.39631e-16 -9.06654e-07|-2.23865e-12] [n 345436 345437 0 2 -1.88242e-11 -1.88242e-11|-1.5549e-06 -1.73843e-06 1.87076e-08 -1.67326e-08|-2.87944e-12] [g 345437 345437 1 2 -1.60294e-11 -1.60294e-11|2.07822e-06 -2.32352e-06 1.59301e-08 1.42483e-08|-3.84856e-12] 
{0 0.00150194 0.00075|-23.4146}{1 1.93656e-06 0.00075|-23.4146}{2 0.00250194 0.00186803|23.4146}[n 345438 345440 0 1 6.79991e-10 6.79991e-10|1.81331e-06 -1.87926e-15 -9.39632e-16 -9.06654e-07|-2.23865e-12] [n 345439 345440 0 2 -1.8824e-11 -1.8824e-11|-1.5549e-06 -1.73843e-06 1.87074e-08 -1.67324e-08|-2.87944e-12] [g 345440 345440 1 2 -1.60296e-11 -1.60296e-11|2.07822e-06 -2.32352e-06 1.59304e-08 1.42486e-08|-3.84856e-12] 
{0 0.00150195 0.00075|-23.4145}{1 1.95412e-06 0.00075|-23.4145}{2 0.00250195 0.00186803|23.4145}[n 345441 345443 0 1 6.79991e-10 6.79991e-10|1.81331e-06 -1.87926e-15 -9.39632e-16 -9.06655e-07|-2.23865e-12] [n 345442 345443 0 2 -1.88237e-11 -1.88237e-11|-1.5549e-06 -1.73843e-06 1.87072e-08 -1.67322e-08|-2.87944e-12] [g 345443 345443 1 2 -1.60299e-11 -1.60299e-11|2.07822e-06 -2.32352e-06 1.59306e-08 1.42488e-08|-3.84856e-12] 
{0 0.00150197 0.00075|-23.4145}{1 1.97168e-06 0.00075|-23.4145}{2 0.00250197 0.00186803|23.4145}[n 345444 345446 0 1 6.79991e-10 6.79991e-10|1.81331e-06 -1.87927e-15 -9.39633e-16 -9.06655e-07|-2.23865e-12] [n 345445 345446 0 2 -1.88235e-11 -1.88235e-11|-1.5549e-06 -1.73843e-06 1.8707e-08 -1.6732e-08|-2.87944e-12] [g 345446 345446 1 2 -1.60301e-11 -1.60301e-11|2.07822e-06 -2.32353e-06 1.59309e-08 1.4249e-08|-3.84856e-12] 
{0 0.00150199 0.00075|-23.4145}{1 1.98924e-06 0.00075|-23.4145}{2 0.00250199 0.00186803|23.4145}[n 345447 345449 0 1 6.79991e-10 6.79991e-10|1.81331e-06 -1.87927e-15 -9.39634e-16 -9.06655e-07|-2.23866e-12] [n 345448 345449 0 2 -1.88233e-11 -1.88233e-11|-1.5549e-06 -1.73843e-06 1.87067e-08 -1.67318e-08|-2.87944e-12] [g 345449 345449 1 2 -1.60304e-11 -1.60304e-11|2.07822e-06 -2.32353e-06 1.59311e-08 1.42492e-08|-3.84856e-12] 
{0 0.00150201 0.00075|-23.4144}{1 2.0068e-06 0.00075|-23.4144}{2 0.00250201 0.00186803|23.4144}[n 345450 345452 0 1 6.79992e-10 6.79992e-10|1.81331e-06 -1.87927e-15 -9.39634e-16 -9.06656e-07|-2.23866e-12] [n 345451 345452 0 2 -1.88231e-11 -1.88231e-11|-1.5549e-06 -1.73843e-06 1.87065e-08 -1.67316e-08|-2.87944e-12] [g 345452 345452 1 2 -1.60306e-11 -1.60306e-11|2.07822e-06 -2.32353e-06 1.59314e-08 1.42494e-08|-3.84856e-12] 
{0 0.00150202 0.00075|-23.4144}{1 2.02436e-06 0.00075|-23.4144}{2 0.00250202 0.00186803|23.4144}[n 345453 345455 0 1 6.79992e-10 6.79992e-10|1.81331e-06 -1.87927e-15 -9.39635e-16 -9.06656e-07|-2.23866e-12] [n 345454 345455 0 2 -1.88229e-11 -1.88229e-11|-1.5549e-06 -1.73843e-06 1.87063e-08 -1.67314e-08|-2.87944e-12] [g 345455 345455 1 2 -1.60309e-11 -1.60309e-11|2.07822e-06 -2.32353e-06 1.59316e-08 1.42497e-08|-3.84856e-12] 
{0 0.00150204 0.00075|-23.4143}{1 2.04193e-06 0.00075|-23.4143}{2 0.00250204 0.00186803|23.4143}[n 345456 345458 0 1 6.79992e-10 6.79992e-10|1.81331e-06 -1.87927e-15 -9.39636e-16 -9.06657e-07|-2.23866e-12] [n 345457 345458 0 2 -1.88226e-11 -1.88226e-11|-1.5549e-06 -1.73843e-06 1.87061e-08 -1.67312e-08|-2.87944e-12] [g 345458 345458 1 2 -1.60311e-11 -1.60311e-11|2.07822e-06 -2.32353e-06 1.59318e-08 1.42499e-08|-3.84856e-12] 
{0 0.00150206 0.00075|-23.4143}{1 2.05949e-06 0.00075|-23.4143}{2 0.00250206 0.00186803|23.4143}[n 345459 345461 0 1 6.79993e-10 6.79993e-10|1.81331e-06 -1.87927e-15 -9.39637e-16 -9.06657e-07|-2.23866e-12] [n 345460 345461 0 2 -1.88224e-11 -1.88224e-11|-1.5549e-06 -1.73843e-06 1.87059e-08 -1.67311e-08|-2.87944e-12] [g 345461 345461 1 2 -1.60314e-11 -1.60314e-11|2.07822e-06 -2.32353e-06 1.59321e-08 1.42501e-08|-3.84856e-12] 
{0 0.00150208 0.00075|-23.4143}{1 2.07705e-06 0.00075|-23.4143}{2 0.00250208 0.00186803|23.4143}