0   0.000194 0 0
100   0.046779 0 36
200   0.041313 0 36
300    0.04198 0 36
400   0.041375 0 36
500   0.040862 0 36
600   0.040895 0 36
700   0.041386 0 36
800   0.040847 0 36
900    0.04128 0 36
1000   0.041258 0 36
1100   0.041173 0 36
1200   0.041256 0 36
1300   0.042261 0 36
1400   0.041019 0 36
1500   0.041707 0 36
1600   0.041559 0 36
1700   0.041182 0 36
1800   0.041529 0 36
1900   0.041683 0 36
2000   0.041545 0 36
2100   0.041691 0 36
2200   0.040989 0 36
2300   0.041685 0 36
2400   0.041948 1 36
2500   0.041661 0 36
2600   0.041215 2 36
2700   0.041871 0 36
2800   0.041961 0 36
2900    0.04223 2 36
3000   0.041349 1 36
3100   0.042194 0 36
3200   0.042041 1 36
3300   0.041914 0 36
3400     0.0418 1 36
3500   0.042693 1 36
3600   0.043976 1 36
3700   0.044354 0 36
3800   0.042036 0 36
3900   0.042612 0 36
4000   0.041537 1 36
4100   0.042237 1 36
4200   0.041893 1 36
4300    0.04276 2 36
4400   0.042184 3 36
4500   0.042315 3 36
4600   0.041976 1 36
4700   0.042556 0 36
4800   0.041773 0 36
4900   0.042349 2 36
5000   0.042859 0 36
5100   0.042012 2 36
5200   0.042246 1 36
5300   0.042298 2 36
5400   0.042872 4 36
5500   0.042525 3 36
5600   0.042728 1 36
5700    0.04262 4 36
5800   0.043261 1 36
5900   0.042703 4 36
6000   0.043242 3 36
6100   0.044835 0 36
6200   0.044233 4 36
6300   0.043094 2 36
6400   0.043887 3 36
6500   0.043335 5 36
6600   0.043521 3 36
6700   0.043634 3 36
6800   0.042763 6 36
6900   0.043613 5 36
7000    0.04343 6 36
7100   0.043894 6 36
7200   0.045294 10 36
7300   0.044575 2 36
7400   0.044334 7 36
7500   0.045528 9 36
7600   0.044722 4 36
7700    0.04413 7 36
7800   0.044499 11 36
7900   0.045134 5 36
8000   0.044801 8 36
8100   0.044707 9 36
8200   0.045845 4 36
8300   0.044693 9 36
8400   0.046589 6 36
8500   0.045914 9 36
8600   0.045955 8 36
8700   0.046663 9 36
8800   0.046159 8 36
8900   0.046007 13 36
9000   0.046849 12 36
9100   0.046275 13 36
9200   0.046482 14 36
9300   0.046587 11 36
9400   0.046507 13 36
9500   0.048673 29 36
9600   0.048515 18 36
9700    0.04793 17 36
9800   0.047785 16 36
9900   0.048656 15 36
10000   0.048634 15 36
10100   0.054046 22 36
10200   0.049828 23 36
10300   0.049828 28 36
10400   0.049942 18 36
10500    0.04993 19 36
10600   0.049891 22 36
10700   0.052282 25 36
10800   0.052938 25 36
10900    0.05171 29 36
11000   0.052042 40 36
11100   0.052508 34 36
11200   0.053964 36 36
11300   0.055341 45 36
11400   0.056825 45 36
11500   0.054863 43 36
11600    0.05557 43 36
11700   0.054813 38 36
11800      0.054 40 36
11900   0.054537 46 36
12000   0.057011 50 36
12100   0.056914 44 36
12200   0.055964 48 36
12300   0.057189 58 36
12400   0.058353 56 36
12500   0.056245 52 36
12600   0.056215 41 36
12700   0.056574 53 36
12800   0.057161 49 36
12900   0.055304 35 36
13000   0.054981 49 36
13100   0.056582 44 36
13200   0.057176 43 36
13300   0.055466 47 36
13400   0.056889 49 36
13500   0.055209 28 36
13600   0.055419 48 36
13700   0.058071 50 36
13800   0.057974 61 36
13900   0.058211 48 36
14000   0.056423 43 36
14100   0.055897 49 36
14200   0.056578 49 36
14300   0.056815 44 36
14400   0.057273 32 36
14500   0.055003 20 36
14600   0.055828 29 36
14700   0.055175 33 36
14800   0.057018 36 36
14900   0.057835 45 36
15000   0.058278 36 36
15100   0.056989 32 36
15200   0.055798 36 36
15300   0.057249 25 36
15400   0.056216 39 36
15500   0.057448 32 36
15600   0.057245 31 36
15700   0.057672 34 36
15800   0.057832 31 36
15900    0.05639 29 36
16000   0.056834 37 36
16100   0.057129 27 36
16200   0.056417 36 36
16300    0.05716 32 36
16400   0.056031 19 36
16500   0.055614 23 36
16600   0.054966 27 36
16700    0.05722 23 36
16800   0.055123 16 36
16900   0.054634 24 36
17000   0.054955 16 36
17100   0.055285 25 36
17200   0.055888 27 36
17300   0.056827 32 36
17400    0.05774 36 36
17500   0.056002 26 36
17600   0.057051 29 36
17700   0.056375 23 36
17800   0.056619 26 36
17900   0.056722 28 36
18000   0.056994 24 36
18100   0.057395 26 36
18200   0.057606 19 36
18300   0.057927 29 36
18400   0.057464 19 36
18500   0.056343 16 36
18600   0.057466 18 36
18700   0.057782 30 36
18800   0.057892 25 36
18900   0.057975 29 36
19000   0.057864 19 36
19100   0.056977 28 36
19200   0.059383 21 36
19300   0.057815 23 36
19400   0.057669 23 36
19500    0.05912 15 36
19600   0.059982 25 36
19700   0.057719 13 36
19800   0.056195 21 36
19900   0.057618 23 36
20000   0.058944 19 36
20100   0.061525 17 36
20200   0.057183 16 36
20300   0.058031 21 36
20400   0.058256 21 36
20500   0.058835 23 36
20600   0.058221 21 36
20700   0.059109 19 36
20800   0.060296 20 36
20900   0.059425 22 36
21000   0.059256 20 36
21100   0.058768 16 36
21200   0.059536 17 36
21300   0.058547 17 36
21400   0.058637 20 36
21500   0.059866 22 36
21600   0.059281 23 36
21700   0.059326 11 36
21800   0.058844 18 36
21900   0.058716 13 36
22000   0.058018 16 36
22100   0.059565 27 36
22200   0.059993 23 36
22300   0.059519 17 36
22400   0.059632 17 36
22500   0.059714 22 36
22600   0.060072 24 36
22700   0.060374 24 37
22800   0.060634 22 37
22900    0.06046 16 37
23000   0.060695 18 37
23100   0.059557 17 37
23200   0.060151 16 37
23300   0.059973 19 37
23400   0.060604 25 37
23500    0.06036 21 37
23600   0.059984 13 37
23700   0.059511 21 37
23800   0.060666 19 37
23900   0.061542 18 37
24000   0.060676 24 37
24100   0.061811 22 37
24200   0.061191 24 37
24300   0.061106 20 37
24400   0.060666 15 37
24500   0.060698 16 37
24600   0.060807 19 37
24700   0.061102 25 37
24800   0.062875 30 37
24900   0.063116 28 37
25000     0.0627 31 37
25100    0.06352 24 38
25200   0.062447 26 38
25300    0.06214 18 38
25400   0.062747 27 38
25500   0.062509 20 38
25600   0.062865 18 38
25700   0.062107 28 38
25800   0.064459 33 38
25900   0.066527 29 38
26000   0.064553 35 38
26100   0.065021 40 38
26200    0.06505 25 39
26300   0.064068 30 40
26400   0.065508 35 40
26500   0.065353 30 40
26600   0.067208 42 40
26700   0.070948 40 40
26800     0.0704 49 40
26900   0.067534 53 40
27000   0.071041 63 40
27100   0.071662 70 40
27200   0.070753 59 40
27300   0.074616 73 40
27400   0.074138 85 40
27500    0.07568 66 40
27600   0.073183 66 40
27700    0.07341 63 40
27800    0.07268 86 41
27900   0.074631 78 41
28000   0.076904 95 41
28100   0.081312 107 41
28200   0.082485 91 41
28300   0.077908 98 41
28400    0.08151 95 42
28500    0.07951 94 42
28600   0.077355 84 42
28700   0.076099 86 42
28800   0.075926 76 42
28900   0.077598 86 42
29000   0.077589 83 42
29100   0.076617 87 42
29200   0.076469 76 42
29300    0.07435 77 42
29400   0.074791 84 42
29500   0.074367 78 43
29600   0.074821 66 43
29700   0.074371 80 43
29800   0.075436 77 43
29900   0.077178 74 44
30000   0.076999 82 44
30100   0.088397 108 44
30200   0.080007 103 44
30300   0.082133 129 44
30400   0.088132 154 44
30500   0.086728 128 44
30600   0.084182 116 44
30700   0.083624 118 45
30800   0.085869 127 45
30900   0.084952 112 45
31000   0.084976 126 45
31100   0.091471 159 45
31200   0.090079 137 45
31300   0.089069 143 45
31400   0.084439 118 45
31500   0.082388 102 45
31600   0.082038 111 45
31700    0.08465 130 45
31800   0.088687 146 45
31900   0.092704 176 45
32000   0.095269 170 45
32100   0.091165 133 45
32200   0.085918 143 45
32300   0.090967 172 45
32400   0.092921 162 45
32500   0.093762 178 45
32600   0.096721 195 45
32700   0.100446 210 45
32800   0.100001 203 45
32900    0.09888 191 45
33000   0.094624 158 45
33100   0.091429 128 45
33200   0.087961 112 45
33300   0.086858 124 45
33400    0.09101 128 45
33500   0.089549 120 45
33600   0.089271 152 45
33700   0.093206 149 45
33800   0.091524 147 45
33900   0.093502 156 45
34000   0.096273 173 45
34100   0.100337 198 45
34200   0.103979 241 45
34300   0.107415 219 46
34400   0.105878 228 46
34500   0.106291 220 46
34600   0.105468 214 46
34700    0.10554 228 46
34800   0.106692 216 46
34900   0.104612 221 46
35000   0.105307 214 46
35100   0.106061 210 46
35200   0.102287 197 46
35300   0.100649 165 47
35400   0.097887 187 47
35500    0.10135 189 47
35600   0.102833 196 47
35700   0.107026 240 47
35800   0.113579 266 47
35900   0.112107 232 47
36000   0.109761 232 47
36100   0.107708 202 47
36200   0.103509 204 47
36300    0.10321 181 47
36400   0.102164 202 47
36500   0.100426 174 47
36600   0.102388 202 47
36700   0.102497 192 47
36800   0.100315 189 47
36900   0.100028 181 47
37000   0.101568 189 47
37100   0.100273 192 47
37200   0.102771 187 47
37300   0.101176 188 47
37400   0.103505 208 47
37500   0.107964 232 47
37600     0.1092 234 47
37700   0.107619 210 47
37800   0.106988 207 47
37900   0.106086 205 47
38000   0.105231 199 47
38100   0.106682 201 47
38200   0.106231 203 47
38300   0.106258 216 47
38400   0.110602 230 47
38500   0.112717 253 47
38600   0.119988 280 47
38700   0.124517 293 47
38800   0.124935 292 47
38900   0.125036 268 47
39000   0.124884 279 47
39100   0.123353 289 47
39200   0.118794 270 47
39300   0.129956 287 47
39400   0.128599 288 47
39500   0.122217 286 47
39600   0.121081 263 47
39700   0.121362 283 48
39800   0.126494 299 48
39900   0.130322 312 48
40000   0.129039 325 48
40100   0.139128 308 48
40200   0.129577 292 48
40300   0.128307 316 48
40400    0.13007 288 48
40500    0.13426 312 48
40600   0.136452 318 48
40700   0.126478 301 48
40800    0.12582 290 48
40900   0.127398 318 48
41000   0.125696 291 48
41100   0.129111 292 48
41200    0.12725 277 48
41300   0.126654 282 48
41400   0.126527 279 48
41500   0.127812 284 48
41600   0.130095 321 48
41700   0.127554 280 48
41800   0.120582 249 48
41900   0.121114 265 48
42000   0.123599 281 48
42100   0.124232 285 48
42200   0.126489 288 48
42300   0.124937 298 48
42400   0.130904 337 48
42500   0.133726 353 48
42600   0.136461 344 48
42700   0.136347 357 48
42800   0.134132 356 48
42900    0.13982 374 48
43000    0.14034 373 48
43100   0.138527 363 48
43200   0.140531 369 48
43300   0.136631 337 48
43400   0.135357 347 48
43500   0.135661 357 48
43600   0.137529 360 48
43700   0.139162 343 48
43800   0.135584 335 48
43900   0.133058 362 48
44000   0.136092 356 48
44100   0.135359 345 48
44200   0.132352 347 48
44300   0.136848 326 48
44400   0.129695 314 48
44500   0.128458 287 48
44600   0.125323 326 48
44700   0.133257 360 48
44800   0.135198 366 48
44900    0.13911 421 48
45000   0.141984 403 48
45100   0.143058 399 48
45200   0.143418 438 48
45300    0.14982 438 48
45400   0.149522 435 48
45500   0.153588 442 48
45600   0.149796 449 48
45700   0.152212 445 48
45800   0.148491 408 48
45900   0.143732 405 48
46000   0.142559 390 48
46100    0.13648 371 48
46200   0.141242 363 49
46300   0.139415 368 49
46400   0.145395 386 49
46500   0.146327 389 49
46600   0.147702 404 49
46700   0.147009 412 49
46800   0.146617 412 49
46900   0.145116 400 49
47000   0.149494 437 49
47100   0.146536 417 49
47200   0.151059 412 49
47300   0.147058 436 49
47400   0.149501 433 49
47500   0.150226 423 49
47600   0.150539 446 49
47700   0.157859 468 49
47800   0.159059 482 49
47900   0.159459 498 49
48000   0.167659 482 49
48100   0.163141 497 49
48200    0.15963 493 49
48300   0.157435 476 49
48400   0.154315 484 49
48500   0.161837 476 49
48600   0.162172 464 49
48700   0.162491 502 49
48800   0.163042 507 49
48900   0.160887 534 49
49000   0.164398 497 49
49100   0.163936 464 49
49200   0.160351 466 49
49300   0.155371 475 49
49400   0.156984 523 49
49500   0.162171 532 49
49600   0.163796 529 49
49700   0.164926 547 49
49800   0.167208 564 49
49900   0.172531 582 49
50000   0.169135 574 49
50100   0.174328 559 49
50200   0.168536 548 49
50300     0.1692 569 49
50400   0.169997 566 49
50500   0.170023 582 49
50600   0.170966 558 49
50700   0.170027 544 49
50800   0.166634 526 49
50900   0.163481 537 49
51000   0.167094 550 49
51100   0.172179 600 49
51200    0.17536 594 49
51300   0.174258 591 49
51400   0.175919 621 49
51500   0.176852 609 49
51600   0.175533 587 49
51700   0.173927 569 49
51800   0.169444 573 49
51900   0.172477 574 49
52000   0.169518 555 49
52100   0.165246 515 49
52200   0.162891 523 49
52300   0.158622 506 49
52400   0.160164 534 49
52500   0.163914 555 49
52600    0.17041 582 49
52700   0.172464 590 49
52800   0.173147 579 49
52900    0.17448 603 49
53000    0.17833 623 50
53100   0.179085 623 50
53200   0.178517 633 50
53300   0.182904 626 50
53400   0.181854 597 50
53500   0.178284 583 50
53600   0.176872 598 50
53700   0.176019 592 50
53800   0.175737 606 50
53900   0.180196 610 50
54000   0.177825 621 50
54100   0.178527 614 50
54200   0.181012 650 50
54300   0.185047 643 50
54400   0.184633 647 50
54500   0.184297 656 50
54600   0.183973 659 50
54700   0.185128 646 50
54800   0.182168 644 50
54900   0.181271 611 50
55000   0.181719 630 50
55100   0.177238 613 50
55200   0.175753 614 50
55300   0.177634 627 50
55400   0.178534 634 50
55500   0.185099 622 50
55600   0.180403 638 50
55700   0.180967 639 50
55800   0.184526 652 50
55900   0.182908 627 50
56000      0.177 621 50
56100   0.182519 648 50
56200   0.185363 656 50
56300   0.183405 638 50
56400    0.18287 626 50
56500   0.181199 645 50
56600   0.190026 667 50
56700   0.192889 666 49
56800   0.188401 689 49
56900   0.198508 688 49
57000   0.189881 661 49
57100   0.196931 677 49
57200   0.194915 659 49
57300   0.188222 645 49
57400   0.192722 643 49
57500   0.187642 671 49
57600   0.200021 680 49
57700    0.20432 678 49
57800   0.197364 695 49
57900   0.194836 678 49
58000   0.193257 674 49
58100   0.193709 682 49
58200   0.194915 688 49
58300   0.193071 688 49
58400   0.195206 685 49
58500    0.20206 690 49
58600    0.19639 685 49
58700   0.189687 645 49
58800   0.196054 650 49
58900   0.191057 667 49
59000   0.195213 673 49
59100   0.199006 685 49
59200    0.19292 685 49
59300   0.200208 697 49
59400   0.199699 726 49
59500   0.202349 725 49
59600   0.199256 716 49
59700   0.203614 710 49
59800   0.209864 717 49
59900   0.206188 728 49
60000   0.206346 707 49
60100   0.198459 682 49
60200   0.194211 665 49
60300   0.188184 653 49
60400   0.191514 690 49
60500   0.201789 704 49
60600   0.204062 708 49
60700   0.203707 728 49
60800   0.197696 729 49
60900   0.199857 744 49
61000   0.201244 735 50
61100   0.209342 761 50
61200   0.210799 763 50
61300    0.21824 763 50
61400   0.203931 724 50
61500   0.200005 737 50
61600   0.202046 748 50
61700   0.198791 735 50
61800   0.198939 733 50
61900   0.200206 753 50
62000   0.201567 762 50
62100   0.206228 791 50
62200    0.21312 801 50
62300   0.211304 811 50
62400   0.220308 839 50
62500   0.213975 798 50
62600   0.209807 789 50
62700   0.209221 795 50
62800   0.210915 797 50
62900   0.212415 796 50
63000    0.21192 814 50
63100   0.210489 802 50
63200   0.206444 773 50
63300   0.208379 753 50
63400   0.203001 755 50
63500   0.206714 775 50
63600   0.209584 781 50
63700   0.212214 801 50
63800   0.211005 787 50
63900   0.209666 808 50
64000   0.210735 802 50
64100   0.210721 826 50
64200   0.214786 817 50
64300   0.212753 807 50
64400   0.208776 802 50
64500   0.210797 825 50
64600   0.211437 806 50
64700   0.212514 798 50
64800   0.211001 809 50
64900   0.213787 848 50
65000   0.215537 833 50
65100   0.214007 819 50
65200   0.215124 848 50
65300   0.218159 851 50
65400   0.220898 855 50
65500    0.21425 808 50
65600   0.210245 816 50
65700   0.213198 837 50
65800   0.214064 828 50
65900   0.217678 819 50
66000   0.212846 798 50
66100   0.214123 812 50
66200   0.213894 821 50
66300   0.212272 811 50
66400   0.211282 816 50
66500   0.212189 819 50
66600   0.212852 823 50
66700   0.213118 833 50
66800   0.215295 842 50
66900   0.214745 835 50
67000   0.213671 800 50
67100    0.21097 818 50
67200    0.21549 837 50
67300   0.214316 821 50
67400   0.214328 818 50
67500   0.212433 794 50
67600   0.205548 750 50
67700   0.212253 799 50
67800   0.210666 805 50
67900   0.212691 811 50
68000   0.210413 808 50
68100   0.216349 822 50
68200   0.212095 799 50
68300   0.211014 788 50
68400   0.213949 817 50
68500   0.212212 804 50
68600   0.210969 819 50
68700   0.214988 844 50
68800   0.217869 867 50
68900   0.222036 877 50
69000   0.221683 877 50
69100   0.220894 871 50
69200   0.224099 894 50
69300   0.224254 881 50
69400   0.222787 890 50
69500   0.225216 892 50
69600    0.22138 845 50
69700    0.21469 823 50
69800   0.213243 823 50
69900   0.215004 854 50
70000   0.220263 879 50
70100   0.226362 871 50
70200   0.224578 877 50
70300   0.227316 885 50
70400   0.227068 896 50
70500   0.228942 898 50
70600   0.227959 918 50
70700    0.22681 910 50
70800   0.231004 917 50
70900   0.228976 909 50
71000   0.225736 903 50
71100   0.224595 902 50
71200   0.227615 928 50
71300   0.227256 904 50
71400   0.230378 899 50
71500   0.227686 915 50
71600   0.234999 928 50
71700   0.237638 898 50
71800   0.229438 869 50
71900   0.221605 884 50
72000   0.223705 902 50
72100   0.227556 911 50
72200   0.226635 894 50
72300   0.231024 899 50
72400   0.227272 906 50
72500   0.225294 881 50
72600   0.222775 882 50
72700   0.224874 889 50
72800   0.228459 912 50
72900   0.230412 920 50
73000   0.226629 912 50
73100   0.228778 920 50
73200   0.228077 923 50
73300   0.229093 920 50
73400   0.229804 925 50
73500   0.228952 921 50
73600    0.23068 917 50
73700   0.230618 927 50
73800    0.23084 936 50
73900   0.229128 920 50
74000   0.232801 925 50
74100    0.22991 916 50
74200   0.227198 895 50
74300   0.228799 913 50
74400   0.230113 918 50
74500   0.235133 934 50
74600   0.235311 921 50
74700   0.229305 920 50
74800   0.226033 898 50
74900   0.228533 911 50
75000   0.230279 885 50
75100   0.226481 894 50
75200    0.22458 900 50
75300   0.226893 917 50
75400    0.22836 917 50
75500   0.232083 935 50
75600    0.22867 911 50
75700   0.222128 855 50
75800   0.220415 877 50
75900   0.228142 910 50
76000   0.230139 906 50
76100   0.228108 920 50
76200   0.229968 920 50
76300   0.230952 936 50
76400   0.232288 955 50
76500   0.235787 946 50
76600   0.236283 960 50
76700   0.242872 952 50
76800   0.235181 948 50
76900   0.239241 969 50
77000   0.237428 979 50
77100   0.240879 988 50
77200   0.242591 984 50
77300   0.239813 996 50
77400   0.242355 989 50
77500   0.242504 995 50
77600   0.241238 993 50
77700   0.239753 969 50
77800   0.238118 963 50
77900   0.240318 967 50
78000   0.239544 976 50
78100   0.240667 992 50
78200   0.240962 983 50
78300   0.239538 981 50
78400    0.24106 993 50
78500   0.240516 977 50
78600   0.240835 980 50
78700   0.237858 971 50
78800   0.242529 957 50
78900   0.236631 970 50
79000   0.242002 988 50
79100   0.237632 958 50
79200   0.236532 964 50
79300   0.239893 976 50
79400   0.239473 972 50
79500   0.236956 978 50
79600   0.237253 977 50
79700   0.235349 969 50
79800    0.23652 962 50
79900   0.233996 946 50
80000   0.235986 965 50
80100   0.244278 972 50
80200   0.238651 978 50
80300   0.240255 981 50
80400   0.239967 976 50
80500   0.236479 918 50
80600   0.227299 909 50
80700   0.228373 906 50
80800    0.22979 921 50
80900   0.235147 909 50
81000   0.230357 914 50
81100   0.232507 937 50
81200   0.233416 938 50
81300   0.239149 955 50
81400   0.236686 976 50
81500   0.241093 958 50
81600   0.235757 949 50
81700   0.234661 956 50
81800   0.237842 969 50
81900   0.238191 972 50
82000   0.237753 987 50
82100   0.239421 987 50
82200   0.241284 988 50
82300   0.240476 972 50
82400   0.239305 979 50
82500   0.242447 993 50
82600   0.240102 965 50
82700   0.230977 890 50
82800   0.226399 904 50
82900   0.229714 934 50
83000   0.236214 929 50
83100   0.231133 941 50
83200   0.235015 961 50
83300   0.236155 952 50
83400   0.237396 973 50
83500   0.240563 999 50
83600   0.238609 983 50
83700   0.238055 976 50
83800   0.236769 975 50
83900   0.238283 989 50
84000   0.240219 1002 50
84100   0.246962 987 50
84200   0.243173 957 50
84300   0.240634 929 50
84400    0.24371 944 50
84500   0.238634 967 50
84600   0.246298 966 50
84700   0.241978 970 50
84800     0.2428 983 50
84900   0.239848 981 50
85000   0.238948 978 50
85100   0.240994 980 50
85200   0.242746 975 50
85300   0.241609 986 50
85400   0.240616 987 50
85500   0.242966 998 50
85600   0.244307 1007 50
85700   0.244966 1009 50
85800   0.246656 1010 50
85900   0.246796 1007 50
86000   0.243242 996 50
86100   0.243373 992 50
86200   0.243372 1016 50
86300    0.24516 1005 50
86400    0.24616 1002 50
86500   0.244118 996 50
86600   0.245023 994 50
86700   0.243796 984 50
86800   0.241216 987 50
86900    0.24209 991 50
87000   0.245304 1000 50
87100   0.245871 1003 50
87200   0.247622 1012 50
87300   0.249211 1003 50
87400   0.254803 996 50
87500   0.242941 957 50
87600   0.238846 939 50
87700   0.237681 920 50
87800   0.237083 938 50
87900   0.240721 940 50
88000   0.237536 937 50
88100   0.237669 951 50
88200   0.240644 962 50
88300    0.24332 978 50
88400   0.245286 995 50
88500   0.244712 990 50
88600   0.243387 988 50
88700   0.244793 989 50
88800   0.249202 1012 50
88900   0.249231 1007 50
89000    0.25245 994 50
89100   0.248659 1001 50
89200   0.247047 996 50
89300   0.245602 995 50
89400   0.244535 987 50
89500   0.244754 1008 50
89600   0.248765 1000 50
89700   0.244353 975 50
89800   0.240954 959 50
89900   0.237777 952 50
90000   0.240212 967 50
90100   0.245884 967 50
90200   0.235697 878 50
90300   0.228728 895 50
90400   0.234918 917 50
90500   0.236998 936 50
90600   0.237872 924 50
90700   0.235552 942 50
90800    0.23662 949 50
90900   0.242854 978 50
91000   0.245004 976 50
91100   0.243168 977 50
91200   0.245756 998 50
91300   0.253842 1009 50
91400   0.247017 979 50
91500    0.24306 956 50
91600   0.241458 982 50
91700   0.245594 993 50
91800   0.240126 949 50
91900   0.236085 934 50
92000   0.236853 947 50
92100   0.238243 946 50
92200   0.238367 970 50
92300   0.242562 981 50
92400   0.245037 1000 50
92500   0.250412 1004 50
92600   0.246645 979 50
92700    0.24295 1000 50
92800   0.246855 997 50
92900   0.244584 990 50
93000   0.245566 997 50
93100   0.246135 1010 50
93200   0.253987 1017 50
93300   0.248258 1012 50
93400   0.247336 1014 50
93500   0.246322 982 50
93600   0.249706 1011 50
93700   0.252537 1016 50
93800   0.250501 1017 50
93900   0.248858 1021 50
94000   0.252865 1026 50
94100   0.250635 1023 50
94200   0.250411 1030 50
94300   0.250884 1026 50
94400   0.251079 1028 50
94500   0.255063 1030 50
94600   0.249563 1021 50
94700   0.249153 1006 50
94800   0.248462 1013 50
94900   0.248961 1022 50
95000   0.251215 1031 50
95100    0.24944 1038 50
95200    0.25816 1053 50
95300   0.253285 1040 50
95400   0.254873 1061 50
95500   0.256883 1065 50
95600   0.255243 1065 50
95700   0.256924 1060 50
95800   0.253282 1035 50
95900   0.249091 1008 50
96000   0.247381 1010 50
96100   0.244962 993 50
96200   0.245826 993 50
96300   0.247325 1006 50
96400   0.248615 1014 50
96500   0.248766 997 50
96600   0.245462 995 50
96700   0.247449 999 50
96800   0.252666 1005 50
96900   0.251767 1011 50
97000   0.247227 1001 50
97100   0.245729 1002 50
97200   0.254021 1006 50
97300   0.249453 1010 50
97400   0.249177 1024 50
97500   0.250406 1022 50
97600   0.253346 1022 50
97700   0.249292 1013 50
97800   0.246725 1014 50
97900   0.247054 1029 50
98000   0.246954 1027 50
98100   0.247693 1025 50
98200   0.246501 1013 50
98300   0.245346 1023 50
98400   0.244268 1013 50
98500   0.250115 1032 50
98600   0.249126 1030 50
98700   0.252763 1039 50
98800   0.253149 1034 50
98900   0.250217 1034 50
99000   0.246968 1030 50
99100   0.247112 1028 50
99200    0.25416 1021 50
99300   0.249565 1031 50
99400   0.257668 1038 50
99500   0.251681 1043 50
99600   0.250331 1028 50
99700   0.247745 1028 50
99800    0.24722 1012 50
99900   0.244317 1015 50
100000   0.248927 1012 50
